0.498057 -0.866575 0.0313963 0.704795 0.866938 0.498401 0.00373787 0.544794 -0.0188871 0.025357 0.9995 0.775947
0.49631 -0.867614 0.0303774 1.10125 0.867966 0.496615 0.00296635 1.30751 -0.0176595 0.0248943 0.999534 0.778005
0.494559 -0.868648 0.0293618 1.49762 0.868988 0.494827 0.00219082 2.07006 -0.0164321 0.0244316 0.999566 0.78006
0.492806 -0.869677 0.0283495 1.894 0.870006 0.493038 0.00141111 2.83265 -0.0152046 0.0239688 0.999597 0.782115
0.49105 -0.870703 0.0273402 2.29045 0.871019 0.491248 0.000627138 3.59535 -0.0139769 0.0235059 0.999626 0.784169
0.48929 -0.871724 0.0263339 2.68701 0.872028 0.489456 -0.000161165 4.35824 -0.0127488 0.0230428 0.999653 0.786221
0.487528 -0.87274 0.0253312 3.08347 0.873031 0.487663 -0.00095341 5.12096 -0.011521 0.0225798 0.999679 0.788272
0.485763 -0.873752 0.024332 3.47983 0.87403 0.485869 -0.00174955 5.88348 -0.0102935 0.0221168 0.999702 0.79032
0.483996 -0.874759 0.0233359 3.87629 0.875023 0.484074 -0.00254997 6.64617 -0.00906569 0.0216536 0.999724 0.792368
