0.48929 -0.871724 0.0263339 0.695301 0.872028 0.489456 -0.000161165 0.548651 -0.0127488 0.0230428 0.999653 0.781773
0.487528 -0.87274 0.0253312 1.09177 0.873031 0.487663 -0.00095341 1.31137 -0.011521 0.0225798 0.999679 0.783824
0.485763 -0.873752 0.024332 1.48813 0.87403 0.485869 -0.00174955 2.07389 -0.0102935 0.0221168 0.999702 0.785873
0.483996 -0.874759 0.0233359 1.88458 0.875023 0.484074 -0.00254997 2.83658 -0.00906569 0.0216536 0.999724 0.787921
0.482225 -0.875762 0.0223431 2.28104 0.876012 0.482277 -0.00335446 3.59926 -0.00783787 0.0211904 0.999745 0.789968
0.480565 -0.87665 0.0232866 2.67682 0.876925 0.48061 -0.00401009 4.35892 -0.0076763 0.0223477 0.999721 0.790883
0.478683 -0.87775 0.0204598 3.07373 0.877971 0.478688 -0.00496788 5.12412 -0.0054333 0.0203412 0.999778 0.794003
0.477284 -0.878556 0.0184031 3.47334 0.878745 0.477243 -0.00686302 5.89693 -0.00275319 0.0194472 0.999807 0.79704
0.475569 -0.879562 0.0143053 3.87301 0.879678 0.475521 -0.0068145 6.68185 -0.000808696 0.0158249 0.999874 0.801498
0.474329 -0.880248 0.0132121 4.28008 0.880347 0.474292 -0.00604467 7.47457 -0.000945582 0.0144984 0.999894 0.805768
0.472888 -0.881008 0.0142354 4.69115 0.881119 0.472871 -0.00474069 8.27546 -0.00255493 0.0147849 0.999887 0.811107
0.471519 -0.881732 0.0147828 5.10792 0.881847 0.471523 -0.00340713 9.08044 -0.00396623 0.0146427 0.999885 0.815072
0.470459 -0.882287 0.0154489 5.524 0.882411 0.47047 -0.00315605 9.89174 -0.00448371 0.0151171 0.999876 0.817422
0.468958 -0.883093 0.0150211 5.94366 0.883212 0.468959 -0.0036732 10.705 -0.0038005 0.0149894 0.99988 0.819591
0.468012 -0.88358 0.0158237 6.36431 0.883718 0.467989 -0.00541075 11.5214 -0.00262447 0.016516 0.99986 0.822063
0.467262 -0.883958 0.016851 6.79008 0.88411 0.467258 -0.00440531 12.3452 -0.00397967 0.0169566 0.999848 0.824157
0.467129 -0.884019 0.0173616 7.21589 0.884154 0.467196 -0.000274735 13.1775 -0.00786838 0.0154786 0.999849 0.828941
0.467689 -0.8837 0.0184801 7.6452 0.883817 0.467821 0.00335548 14.0119 -0.0116106 0.0147637 0.999824 0.834319
0.468863 -0.88303 0.0206372 8.07958 0.883155 0.469052 0.00525927 14.849 -0.014324 0.01576 0.999773 0.834876
0.470097 -0.882356 0.021373 8.51556 0.882479 0.470312 0.00615442 15.6889 -0.0154824 0.015968 0.999753 0.831302
