0.483996 -0.874759 0.0233359 0.689592 0.875023 0.484074 -0.00254997 0.550882 -0.00906569 0.0216536 0.999724 0.785252
0.482225 -0.875762 0.0223431 1.08604 0.876012 0.482277 -0.00335446 1.31356 -0.00783787 0.0211904 0.999745 0.787299
0.480565 -0.87665 0.0232866 1.48183 0.876925 0.48061 -0.00401009 2.07322 -0.0076763 0.0223477 0.999721 0.788214
0.478683 -0.87775 0.0204598 1.87874 0.877971 0.478688 -0.00496788 2.83842 -0.0054333 0.0203412 0.999778 0.791335
0.477284 -0.878556 0.0184031 2.27835 0.878745 0.477243 -0.00686302 3.61124 -0.00275319 0.0194472 0.999807 0.794372
0.475569 -0.879562 0.0143053 2.67802 0.879678 0.475521 -0.0068145 4.39615 -0.000808696 0.0158249 0.999874 0.798831
0.474329 -0.880248 0.0132121 3.08509 0.880347 0.474292 -0.00604467 5.18888 -0.000945582 0.0144984 0.999894 0.803101
0.472888 -0.881008 0.0142354 3.49616 0.881119 0.472871 -0.00474069 5.98976 -0.00255493 0.0147849 0.999887 0.808441
0.471519 -0.881732 0.0147828 3.91293 0.881847 0.471523 -0.00340713 6.79474 -0.00396623 0.0146427 0.999885 0.812405
0.470459 -0.882287 0.0154489 4.32901 0.882411 0.47047 -0.00315605 7.60605 -0.00448371 0.0151171 0.999876 0.814756
0.468958 -0.883093 0.0150211 4.74867 0.883212 0.468959 -0.0036732 8.41933 -0.0038005 0.0149894 0.99988 0.816925
0.468012 -0.88358 0.0158237 5.16932 0.883718 0.467989 -0.00541075 9.2357 -0.00262447 0.016516 0.99986 0.819398
0.467262 -0.883958 0.016851 5.59509 0.88411 0.467258 -0.00440531 10.0595 -0.00397967 0.0169566 0.999848 0.821492
0.467129 -0.884019 0.0173616 6.02091 0.884154 0.467196 -0.000274735 10.8918 -0.00786838 0.0154786 0.999849 0.826276
0.467689 -0.8837 0.0184801 6.45021 0.883817 0.467821 0.00335548 11.7262 -0.0116106 0.0147637 0.999824 0.831654
0.468863 -0.88303 0.0206372 6.88459 0.883155 0.469052 0.00525927 12.5633 -0.014324 0.01576 0.999773 0.832212
0.470097 -0.882356 0.021373 7.32057 0.882479 0.470312 0.00615442 13.4032 -0.0154824 0.015968 0.999753 0.828638
0.47122 -0.881788 0.02003 7.75806 0.881917 0.471386 0.00429228 14.2448 -0.0132268 0.0156422 0.99979 0.823839
0.472196 -0.881337 0.0166164 8.19769 0.881456 0.472266 0.000316469 15.0907 -0.0081263 0.0144972 0.999862 0.820413
0.473348 -0.880743 0.0152862 8.64234 0.880864 0.47336 -0.00306271 15.9408 -0.00453841 0.0149148 0.999878 0.818472
0.474016 -0.880337 0.0177972 9.09378 0.880499 0.474035 -0.00340213 16.7981 -0.00544148 0.0172831 0.999836 0.819377
0.47371 -0.880411 0.0217918 9.54878 0.880621 0.473821 -0.000107113 17.6624 -0.0102311 0.0192411 0.999763 0.819382
0.472828 -0.880752 0.026643 10.0056 0.881038 0.47304 0.00194493 18.5299 -0.0143162 0.0225539 0.999643 0.818754
0.471953 -0.880993 0.0333507 10.4689 0.881509 0.472164 -0.00172676 19.3929 -0.0142257 0.0302139 0.999442 0.813486
0.470705 -0.881635 0.0340171 10.9264 0.882231 0.470771 -0.00652686 20.2599 -0.01026 0.0330832 0.9994 0.80607
0.469498 -0.882378 0.0313101 11.3798 0.882914 0.469427 -0.0100568 21.1343 -0.0058239 0.0323657 0.999459 0.802851
0.467851 -0.883298 0.0300035 11.8424 0.883797 0.467738 -0.0111058 22.0322 -0.004224 0.0317128 0.999488 0.812436
0.466834 -0.883798 0.0311064 12.3256 0.884322 0.466785 -0.0092602 22.9738 -0.00633585 0.0318311 0.999473 0.845771
0.465799 -0.884386 0.0298722 12.7992 0.884841 0.465866 -0.00510241 23.9066 -0.0094039 0.0288088 0.999541 0.871383
0.464629 -0.884993 0.030127 13.2738 0.885444 0.464729 -0.00401181 24.8379 -0.0104505 0.0285398 0.999538 0.895171
0.463646 -0.885495 0.0305236 13.7444 0.885931 0.463814 -0.00173826 25.7602 -0.0126181 0.0278478 0.999533 0.9098
0.463423 -0.885526 0.0329029 14.2158 0.885985 0.463712 0.00131853 26.6856 -0.0164251 0.0285404 0.999458 0.924088
0.462932 -0.885929 0.0286987 14.6719 0.886209 0.463255 0.00543462 27.6033 -0.0181095 0.0229172 0.999573 0.928131
0.462953 -0.885937 0.0281228 15.1311 0.886189 0.463282 0.00620278 28.5191 -0.0185241 0.0220505 0.999585 0.931756
0.46288 -0.885992 0.0275842 15.5884 0.886261 0.463164 0.00460866 29.4229 -0.0168593 0.0223135 0.999609 0.929868
0.463145 -0.885952 0.0242028 16.0385 0.88617 0.463349 0.00327668 30.3246 -0.0141173 0.0199302 0.999702 0.932622
0.462366 -0.886363 0.0240424 16.4919 0.886582 0.462561 0.00300533 31.2189 -0.0137849 0.019926 0.999706 0.939417
0.461154 -0.886922 0.0265771 16.9477 0.887189 0.461394 0.00338187 32.1114 -0.0152619 0.0220193 0.999641 0.943761
0.460352 -0.88733 0.0268639 17.3961 0.887589 0.460617 0.00431695 33.0023 -0.0162045 0.0218567 0.99963 0.950443
0.460141 -0.887535 0.0235066 17.8355 0.887731 0.460346 0.00388124 33.8877 -0.0142659 0.0190816 0.999716 0.955457
0.459651 -0.887864 0.0204658 18.2723 0.888053 0.45974 -0.000399462 34.766 -0.00905427 0.0183583 0.99979 0.958024
0.459248 -0.888094 0.019517 18.7134 0.888273 0.459314 -0.00121411 35.6446 -0.0078862 0.017894 0.999809 0.960006
0.458886 -0.888239 0.0213241 19.1572 0.888427 0.459015 0.00132014 36.5231 -0.0109607 0.0183392 0.999772 0.969247
0.458531 -0.88832 0.0252141 19.599 0.888568 0.458737 0.00272737 37.3958 -0.0139894 0.0211538 0.999678 0.973249
0.458249 -0.888417 0.0268981 20.0373 0.888697 0.458485 0.00300995 38.2647 -0.0150065 0.022525 0.999634 0.975762
0.458141 -0.888401 0.0291571 20.4737 0.888766 0.45836 0.000960606 39.1249 -0.0142179 0.0254737 0.999574 0.975199
0.457725 -0.888543 0.0313008 20.9145 0.889006 0.45789 -0.00209638 39.9842 -0.0124696 0.0287862 0.999508 0.973818
0.456669 -0.889023 0.0330363 21.3487 0.88954 0.456852 -0.00220577 40.8408 -0.0131317 0.0303944 0.999452 0.972808
0.455556 -0.889412 0.0376093 21.7858 0.890038 0.455886 0.000222034 41.7008 -0.017343 0.0333726 0.999292 0.969492
0.454854 -0.889582 0.0418448 22.2167 0.890275 0.455403 0.0041447 42.5627 -0.0227433 0.0353682 0.999116 0.961549
0.454281 -0.889879 0.0417669 22.638 0.890507 0.45492 0.00677398 43.4191 -0.0250286 0.0341165 0.999104 0.953214
0.453043 -0.890625 0.0392323 23.0578 0.891203 0.453573 0.00535717 44.2638 -0.022566 0.0325369 0.999216 0.946766
0.45201 -0.891361 0.0341054 23.4738 0.891895 0.452241 -0.00105802 45.0922 -0.0144808 0.0308967 0.999418 0.940152
0.451231 -0.891887 0.0304644 23.8867 0.892368 0.45127 -0.00598573 45.912 -0.00840908 0.0298864 0.999518 0.938464
0.450045 -0.892618 0.0263001 24.2873 0.892959 0.450128 -0.00301713 46.7332 -0.00914528 0.0248428 0.99965 0.940976
0.449159 -0.893112 0.0246607 24.6858 0.893373 0.449315 0.000907575 47.542 -0.011891 0.0216235 0.999695 0.94887
0.447878 -0.893798 0.0230344 25.0765 0.893989 0.448072 0.00382902 48.3383 -0.0137435 0.0188776 0.999727 0.956861
0.446794 -0.894354 0.0225002 25.4618 0.894544 0.446968 0.00311507 49.1197 -0.0128428 0.0187356 0.999742 0.959438
0.445318 -0.895111 0.0216298 25.8386 0.89527 0.445503 0.00440795 49.8915 -0.0135817 0.0174016 0.999756 0.962096
0.443951 -0.895809 0.020807 26.209 0.895938 0.444144 0.00553715 50.6514 -0.0142016 0.0161836 0.999768 0.966847
0.442482 -0.896523 0.0213889 26.5747 0.89665 0.442695 0.00631708 51.3993 -0.0151322 0.0163832 0.999751 0.970423
0.441153 -0.897158 0.0221658 26.9351 0.897293 0.441385 0.00668022 52.1367 -0.0157769 0.0169423 0.999732 0.971679
0.439833 -0.897828 0.0212625 27.2852 0.897899 0.440096 0.009632 52.8633 -0.0180054 0.0148552 0.999728 0.973302
0.438648 -0.898394 0.0218323 27.6301 0.898378 0.438989 0.0143436 53.5831 -0.0224703 0.0133219 0.999659 0.973277
0.436914 -0.899266 0.020642 27.971 0.89917 0.437262 0.0171682 54.2847 -0.0244647 0.0110597 0.99964 0.976753
0.435588 -0.899999 0.0162684 28.2943 0.899898 0.435821 0.015592 54.9681 -0.0211229 0.00784821 0.999746 0.980709
0.434618 -0.900536 0.0119226 28.6101 0.90051 0.434731 0.00955262 55.6313 -0.0137856 0.00658466 0.999883 0.984963
0.43336 -0.901165 0.0100176 28.9174 0.901184 0.433416 0.00419068 56.2774 -0.0081183 0.00721165 0.999941 0.98618
0.432949 -0.901381 0.00827237 29.2155 0.901401 0.43298 0.00234436 56.91 -0.00569494 0.00644174 0.999963 0.991669
0.432221 -0.901735 0.00770757 29.5031 0.901725 0.432268 0.00607215 57.5268 -0.00880721 0.00432559 0.999952 1.0035
0.431014 -0.902307 0.00832684 29.7845 0.902265 0.43108 0.0093422 58.1231 -0.0120191 0.0034864 0.999922 1.02092
0.429868 -0.902842 0.00952912 30.0596 0.902843 0.42993 0.00580331 58.6956 -0.00933633 0.00610865 0.999938 1.03281
0.42986 -0.902785 0.0141517 30.3325 0.902884 0.429881 -0.00172662 59.247 -0.00452479 0.0135196 0.999898 1.04218
0.430764 -0.902334 0.0153412 30.5933 0.902464 0.430681 -0.00849074 59.7832 0.00105433 0.0175024 0.999846 1.0544
0.433308 -0.901141 0.0137773 30.8433 0.901244 0.433224 -0.00870676 60.3116 0.00187737 0.0161894 0.999867 1.06671
0.436694 -0.899553 0.0101459 31.0857 0.899609 0.436682 -0.00348129 60.831 -0.00129892 0.0106476 0.999942 1.0809
0.440705 -0.897562 0.0127338 31.3321 0.89764 0.440727 -0.00119749 61.3309 -0.0045373 0.0119581 0.999918 1.09163
0.445267 -0.895205 0.0185749 31.5848 0.895356 0.44535 0.000340282 61.8136 -0.00857696 0.0164797 0.999827 1.10355
0.452154 -0.891609 0.0243031 31.8329 0.891845 0.452335 0.00226452 62.2838 -0.0130122 0.0206507 0.999702 1.11604
0.461278 -0.88698 0.0221267 32.0698 0.88716 0.461451 0.00315721 62.7397 -0.0130108 0.0181736 0.99975 1.12396
0.474135 -0.880286 0.0170924 32.2973 0.880356 0.474281 0.0055673 63.1874 -0.0130074 0.0124077 0.999838 1.13068
0.489774 -0.871752 0.0130602 32.5297 0.871736 0.489897 0.00877715 63.6177 -0.0140496 0.00708621 0.999876 1.1359
0.508188 -0.861129 0.0141989 32.7746 0.861115 0.508329 0.00909049 64.0245 -0.0150458 0.0076072 0.999858 1.13839
0.529879 -0.847886 0.0178119 33.0286 0.847909 0.530073 0.00855287 64.4108 -0.0166935 0.0105709 0.999805 1.14249
0.553939 -0.832316 0.0200388 33.2888 0.832341 0.554183 0.00946649 64.7834 -0.0189843 0.0114352 0.999754 1.14575
0.580416 -0.81404 0.0213811 33.5565 0.814039 0.580705 0.0110241 65.1434 -0.0213902 0.0110065 0.999711 1.14789
0.609773 -0.792268 0.0221172 33.8353 0.792239 0.61009 0.0121427 65.4861 -0.0231138 0.0101178 0.999682 1.14782
0.641585 -0.766729 0.0222424 34.1234 0.766673 0.64191 0.0128038 65.8134 -0.0240947 0.00883793 0.999671 1.14539
