0.498057 -0.866575 0.0313963 0.704795 0.866938 0.498401 0.00373787 0.544794 -0.0188871 0.025357 0.9995 0.775947
0.494227 -0.868857 0.028753 1.08398 0.869147 0.494535 0.00432207 1.21566 -0.0179747 0.0228545 0.999577 0.770363
0.489844 -0.871401 0.0266882 1.44859 0.871629 0.490137 0.00537693 1.90376 -0.0177663 0.0206283 0.999629 0.758495
0.486059 -0.873561 0.0252617 1.83112 0.873727 0.486362 0.00725952 2.58959 -0.018628 0.0185433 0.999655 0.744175
0.481982 -0.875778 0.0265809 2.21831 0.875938 0.482342 0.00893757 3.31125 -0.0206484 0.0189755 0.999607 0.732828
0.479259 -0.877197 0.0289063 2.61894 0.877378 0.479693 0.0101752 4.04089 -0.0227918 0.0204852 0.99953 0.721213
0.476593 -0.878668 0.0283152 2.9901 0.878827 0.477022 0.0106287 4.7424 -0.0228461 0.0198187 0.999543 0.712965
0.474809 -0.879629 0.0284597 3.38614 0.879808 0.475226 0.00989726 5.48284 -0.0222307 0.0203397 0.999546 0.693567
0.473278 -0.880388 0.0304174 3.77671 0.880638 0.47371 0.00862347 6.21115 -0.0220011 0.0227055 0.9995 0.684144
