0.48929 -0.871724 0.0263339 0.695301 0.872028 0.489456 -0.000161165 0.548651 -0.0127488 0.0230428 0.999653 0.781773
0.486777 -0.873183 0.0244691 1.07814 0.873434 0.486942 0.000885377 1.24087 -0.0126881 0.0209411 0.9997 0.784765
0.48551 -0.873898 0.0241379 1.49756 0.874152 0.485652 4.01936e-05 2.00894 -0.0117578 0.0210807 0.999709 0.776571
0.484097 -0.874637 0.0257069 1.90008 0.874937 0.484235 -0.00095462 2.73029 -0.0116132 0.022954 0.999669 0.778194
0.482163 -0.875668 0.0269063 2.31016 0.875997 0.482316 -0.000888675 3.48647 -0.0121991 0.0239983 0.999638 0.767034
0.481274 -0.876083 0.0292252 2.72089 0.876487 0.48142 -0.00225693 4.24829 -0.0120923 0.0267017 0.99957 0.760198
0.479467 -0.87714 0.0271364 3.12466 0.877499 0.479568 -0.00307369 4.99839 -0.0103177 0.0252859 0.999627 0.759254
0.478326 -0.877832 0.0248162 3.53927 0.878147 0.478368 -0.00458411 5.77129 -0.00784721 0.023985 0.999682 0.756221
0.476831 -0.878761 0.0203003 3.95939 0.87897 0.476865 -0.003437 6.56684 -0.00666018 0.0194822 0.999788 0.754274
0.475867 -0.879315 0.0188465 4.36568 0.879491 0.475908 -0.0025233 7.3419 -0.00675044 0.0177761 0.999819 0.748764
0.474624 -0.879978 0.019275 4.79705 0.880152 0.47469 -0.00126891 8.13908 -0.00803306 0.0175672 0.999813 0.749502
0.473479 -0.880567 0.0204887 5.22374 0.880756 0.47357 -0.000470958 8.95612 -0.0092881 0.0182685 0.99979 0.748218
0.472436 -0.8811 0.0216068 5.64797 0.881311 0.472537 -0.000492783 9.74902 -0.00977583 0.0192751 0.999766 0.750692
0.470922 -0.881914 0.0214668 6.07497 0.88213 0.471005 -0.00133527 10.5533 -0.00893337 0.0195653 0.999769 0.746651
0.469894 -0.882453 0.0218358 6.50825 0.88268 0.469972 -0.00173569 11.3817 -0.00873055 0.0200896 0.99976 0.742406
0.469428 -0.882698 0.0219568 6.93899 0.882912 0.469539 -0.000109632 12.1929 -0.0102128 0.0194374 0.999759 0.741382
0.469283 -0.882787 0.02146 7.37089 0.882945 0.469461 0.00384519 13.0189 -0.0134691 0.0171435 0.999762 0.736964
0.470217 -0.882259 0.0226925 7.80546 0.88238 0.470477 0.0076175 13.8534 -0.0173969 0.0164416 0.999713 0.730724
0.471374 -0.881552 0.0259501 8.25512 0.881709 0.471714 0.00868652 14.6823 -0.0198986 0.0187858 0.999625 0.724751
0.47318 -0.880564 0.0266033 8.69371 0.880737 0.47353 0.00852693 15.5149 -0.020106 0.0193958 0.99961 0.677523
