0.494559 -0.868648 0.0293618 0.701001 0.868988 0.494827 0.00219082 0.546357 -0.0164321 0.0244316 0.999566 0.778281
0.490472 -0.871021 0.0275707 1.08045 0.871284 0.49076 0.00442946 1.21623 -0.0173888 0.0218494 0.99961 0.764498
0.486551 -0.87317 0.0290057 1.4755 0.873431 0.486907 0.00634748 1.93322 -0.0196655 0.0222461 0.999559 0.752909
0.483633 -0.87473 0.0307618 1.88624 0.875002 0.484057 0.00776717 2.67217 -0.0216846 0.0231602 0.999497 0.74438
0.481246 -0.876055 0.0305139 2.26097 0.876317 0.481668 0.00798742 3.3713 -0.021695 0.022896 0.999502 0.735717
0.479335 -0.877108 0.0303278 2.65679 0.87738 0.479739 0.00737765 4.11249 -0.0210204 0.0230727 0.999513 0.717827
0.478001 -0.877772 0.0321303 3.05071 0.878112 0.478414 0.00622391 4.83286 -0.0208348 0.025239 0.999464 0.710501
0.475931 -0.878873 0.0327387 3.4518 0.879219 0.47637 0.00676708 5.57999 -0.0215431 0.0255638 0.999441 0.694281
0.475074 -0.879247 0.0350681 3.86391 0.879684 0.475527 0.00544654 6.34953 -0.0214647 0.0282614 0.99937 0.680923
0.473581 -0.880122 0.0332639 4.26388 0.880533 0.473965 0.00433934 7.11184 -0.0195851 0.0272349 0.999437 0.671249
0.472272 -0.880921 0.0306109 4.67321 0.881288 0.47257 0.00290678 7.8829 -0.0170264 0.0256043 0.999527 0.659891
0.470843 -0.881817 0.0265685 5.08926 0.882073 0.471097 0.00391145 8.68112 -0.0159655 0.0215937 0.999639 0.646321
0.469834 -0.882414 0.0245221 5.48756 0.882612 0.470076 0.00489721 9.45266 -0.0158486 0.0193427 0.999687 0.637273
0.468669 -0.883012 0.0252994 5.91026 0.883206 0.468946 0.00610692 10.2538 -0.0172565 0.0194824 0.999661 0.627154
0.46738 -0.88366 0.0264594 6.33953 0.883863 0.467695 0.00693755 11.0734 -0.0185054 0.020144 0.999626 0.619498
0.466475 -0.884107 0.027489 6.75742 0.884331 0.466808 0.00691806 11.879 -0.0189484 0.0210823 0.999598 0.614111
0.464969 -0.884904 0.0273672 7.16793 0.885141 0.465282 0.00610516 12.6705 -0.0181359 0.0213851 0.999607 0.601961
0.463958 -0.885424 0.0276958 7.60207 0.885678 0.464266 0.00559819 13.5056 -0.017815 0.0219323 0.999601 0.589715
0.463386 -0.885725 0.0276503 8.02941 0.885945 0.463732 0.00738514 14.32 -0.0193635 0.0210745 0.99959 0.582176
0.463119 -0.885841 0.0283829 8.42751 0.886088 0.463467 0.00683948 15.1073 -0.0192132 0.0219823 0.999574 0.558954
0.464865 -0.884894 0.0293817 8.86273 0.885066 0.465329 0.0112606 15.9663 -0.0236366 0.0207701 0.999505 0.545421
0.465398 -0.884521 0.0320546 9.31784 0.8847 0.465972 0.0132309 16.794 -0.0266396 0.022201 0.999399 0.50667
0.466088 -0.884031 0.0353755 9.71854 0.884303 0.46674 0.0127172 17.6077 -0.0277536 0.0253554 0.999293 0.480106
0.467045 -0.883526 0.0353612 10.1679 0.883863 0.467633 0.0102508 18.4489 -0.0255929 0.0264669 0.999322 0.467026
0.46853 -0.882825 0.0331531 10.6097 0.883168 0.468996 0.00755999 19.2977 -0.0222228 0.0257377 0.999422 0.470222
0.469934 -0.88221 0.0294518 11.0464 0.882517 0.470257 0.0047998 20.1319 -0.0180843 0.0237361 0.999555 0.475325
0.47061 -0.881884 0.0283963 11.485 0.882147 0.470938 0.00581113 20.9991 -0.0184976 0.0223149 0.99958 0.467482
0.470455 -0.881895 0.0305678 11.9683 0.882132 0.470908 0.00943006 21.8987 -0.0227109 0.0225284 0.999488 0.440728
0.469626 -0.882078 0.0372771 12.4148 0.882459 0.470272 0.0104812 22.7415 -0.0267756 0.0279733 0.99925 0.407044
0.468727 -0.882143 0.0460268 12.883 0.882908 0.469495 0.00692548 23.5783 -0.0277186 0.0373913 0.998916 0.386985
0.467267 -0.8828 0.0482219 13.3466 0.883801 0.467862 0.00120181 24.4566 -0.0236221 0.042057 0.998836 0.376912
0.466483 -0.883423 0.044254 13.7963 0.884296 0.466926 -0.000357322 25.3385 -0.0203477 0.0393004 0.99902 0.390737
0.464804 -0.884497 0.0402745 14.2582 0.885221 0.465171 -0.000270511 26.2078 -0.0184953 0.0357776 0.999189 0.387716
0.4629 -0.885587 0.0382007 14.7051 0.886206 0.463289 0.00150231 27.0944 -0.0190284 0.0331583 0.999269 0.376258
0.461995 -0.886073 0.037883 15.1621 0.886629 0.462463 0.00417185 27.9822 -0.021216 0.0316607 0.999273 0.341461
0.461142 -0.886622 0.0353479 15.6194 0.887045 0.461633 0.0068208 28.8883 -0.0223652 0.0282098 0.999352 0.349763
0.460195 -0.88696 0.0390127 16.0735 0.887468 0.460803 0.00784712 29.7712 -0.0249373 0.0310113 0.999208 0.313125
0.45985 -0.887228 0.0369323 16.5319 0.887528 0.46056 0.0133171 30.6714 -0.0288248 0.0266546 0.999229 0.318153
0.459319 -0.887561 0.0355178 16.9953 0.887706 0.460086 0.0172828 31.571 -0.0316807 0.023591 0.99922 0.290343
0.459551 -0.887453 0.0352202 17.4432 0.887613 0.460292 0.0165714 32.4819 -0.0309178 0.0236465 0.999242 0.265009
0.459755 -0.887213 0.0384595 17.8993 0.887566 0.460499 0.0129363 33.3582 -0.0291878 0.0281878 0.999176 0.247939
0.460009 -0.887239 0.0346207 18.3555 0.887514 0.460622 0.0120719 34.255 -0.0266577 0.0251732 0.999328 0.245543
0.459708 -0.887511 0.0315086 18.8091 0.887694 0.460256 0.0127865 35.1414 -0.0258502 0.022092 0.999422 0.241888
0.458432 -0.888171 0.0314939 19.2573 0.888321 0.459008 0.0140496 36.0101 -0.0269344 0.0215358 0.999405 0.225318
0.457965 -0.888353 0.0331178 19.7157 0.888505 0.458613 0.0152652 36.8959 -0.0287492 0.0224344 0.999335 0.185142
0.457292 -0.888487 0.0384107 20.1433 0.888901 0.457972 0.0107933 37.7544 -0.0271807 0.0292076 0.999204 0.142297
0.457451 -0.888633 0.0327139 20.5957 0.888946 0.45793 0.00861331 38.6367 -0.0226348 0.0251408 0.999428 0.132432
0.456904 -0.889081 0.0278276 21.0274 0.889256 0.457303 0.00988147 39.4706 -0.0215111 0.020231 0.999564 0.136641
0.456715 -0.889282 0.0242514 21.4712 0.889313 0.4571 0.0135303 40.3502 -0.0231176 0.0153876 0.999614 0.12445
0.456268 -0.889334 0.030065 21.9247 0.889431 0.456824 0.0149638 41.2259 -0.0270423 0.0199132 0.999436 0.105058
0.456028 -0.88929 0.0346643 22.3449 0.889523 0.456683 0.0137318 42.0804 -0.0280421 0.0245726 0.999305 0.0919084
0.456111 -0.889087 0.0385627 22.7835 0.889508 0.456793 0.0107456 42.9308 -0.0271689 0.0294006 0.999198 0.0755737
0.455874 -0.889132 0.0402939 23.2564 0.88968 0.456515 0.00794368 43.808 -0.0254578 0.0322274 0.999156 0.078644
0.455535 -0.889317 0.0400323 23.6653 0.88983 0.456204 0.00901837 44.6688 -0.0262831 0.0315138 0.999158 0.0748494
0.454557 -0.889711 0.0423275 24.0818 0.890247 0.455348 0.0108688 45.4892 -0.0289438 0.0327415 0.999045 0.0656747
0.453692 -0.889858 0.0481318 24.5312 0.890497 0.454774 0.0139782 46.3331 -0.0343277 0.0365195 0.998743 0.0309715
0.4528 -0.890146 0.0511117 24.9605 0.89083 0.454059 0.0158674 47.2213 -0.0373321 0.0383471 0.998567 0.00974721
0.452236 -0.890339 0.0527149 25.3849 0.89119 0.453442 0.013056 48.0762 -0.0355274 0.0410746 0.998524 -0.0415939
0.451025 -0.891145 0.0493685 25.7956 0.892048 0.451883 0.00722679 48.8788 -0.0287489 0.0407796 0.998755 -0.0526615
0.45004 -0.891848 0.0455109 26.1981 0.892706 0.450629 0.00303755 49.7168 -0.0232176 0.0392609 0.998959 -0.0734339
0.449795 -0.892204 0.0407084 26.6142 0.892849 0.450332 0.00464014 50.5475 -0.0224722 0.0342593 0.99916 -0.064519
0.449502 -0.892361 0.040484 26.9866 0.892942 0.450116 0.00706603 51.314 -0.0245279 0.0329737 0.999155 -0.0890265
0.448473 -0.892799 0.0422018 27.4065 0.893421 0.449153 0.00777679 52.1471 -0.0258982 0.0342163 0.999079 -0.0979297
0.446684 -0.893629 0.0435919 27.8239 0.89432 0.447373 0.007037 52.9518 -0.0257903 0.0358418 0.999025 -0.106941
0.444853 -0.894821 0.0374367 28.1701 0.895201 0.445517 0.0113643 53.6907 -0.0268477 0.028458 0.999234 -0.108415
0.443955 -0.895302 0.0365869 28.5376 0.895666 0.444589 0.0110945 54.4435 -0.026199 0.0278441 0.999269 -0.0982059
0.442362 -0.896064 0.0372099 28.903 0.896455 0.443003 0.0107747 55.2117 -0.0261389 0.0285907 0.999249 -0.116949
0.441207 -0.896672 0.0362681 29.2402 0.896998 0.441864 0.0122632 55.9035 -0.0270216 0.0271218 0.999267 -0.139503
0.439745 -0.897363 0.0369214 29.5966 0.89766 0.440466 0.0139708 56.6436 -0.0287995 0.0269993 0.99922 -0.138163
0.438861 -0.897792 0.0370155 29.9721 0.897988 0.439675 0.0174098 57.4054 -0.0319051 0.025599 0.999163 -0.172068
0.437081 -0.898615 0.0380983 30.2774 0.898774 0.437981 0.0194167 58.045 -0.0341344 0.0257552 0.999085 -0.177527
0.435814 -0.899202 0.0387544 30.6016 0.899442 0.436687 0.0175713 58.7271 -0.0327237 0.0271995 0.999094 -0.201193
0.4349 -0.899731 0.0367031 30.8828 0.900095 0.435543 0.0114563 59.372 -0.0262934 0.028054 0.999261 -0.208533
0.434373 -0.900146 0.0325328 31.2391 0.900531 0.434757 0.0054961 60.1139 -0.0190912 0.0269095 0.999456 -0.209576
0.433692 -0.900622 0.0281403 31.5107 0.900887 0.434011 0.00610176 60.7119 -0.0177086 0.022705 0.999585 -0.212122
0.433465 -0.900844 0.0242626 31.8154 0.900951 0.433797 0.0104108 61.3394 -0.0199035 0.0173467 0.999651 -0.200679
0.431498 -0.901652 0.0288741 32.0785 0.90183 0.431944 0.0112715 61.9175 -0.0226349 0.0211759 0.999519 -0.224203
0.431137 -0.901615 0.0348039 32.3754 0.902056 0.431578 0.00594768 62.513 -0.0203831 0.0288308 0.999376 -0.243541
0.43141 -0.901465 0.0352895 32.6218 0.902007 0.431719 0.0012737 63.0111 -0.0163834 0.0312819 0.999376 -0.233863
0.432437 -0.900999 0.0346226 32.9176 0.901589 0.432578 -0.00367504 63.623 -0.0116658 0.0328046 0.999394 -0.227896
0.435206 -0.899871 0.0287777 33.1429 0.900261 0.435347 -0.00149799 64.0926 -0.0111803 0.0265594 0.999585 -0.23118
0.438435 -0.898377 0.0263505 33.4109 0.89868 0.438605 0.000759727 64.6742 -0.01224 0.0233475 0.999652 -0.24156
0.442446 -0.896252 0.0311941 33.6356 0.896652 0.44273 0.00247921 65.1264 -0.0160325 0.0268733 0.99951 -0.260003
0.447779 -0.89343 0.035726 33.8624 0.893909 0.44822 0.00502564 65.6012 -0.0205032 0.0296854 0.999349 -0.271163
0.455083 -0.889558 0.0398284 34.1376 0.890155 0.455626 0.00529287 66.0809 -0.0228552 0.0330448 0.999193 -0.228779
0.464279 -0.884822 0.0391845 34.3779 0.885334 0.464891 0.00773177 66.5347 -0.0250577 0.0311016 0.999202 -0.212565
0.476247 -0.878578 0.0358961 34.6208 0.878924 0.476852 0.0102153 66.9832 -0.0260921 0.0266849 0.999303 -0.221381
0.492468 -0.869811 0.0300731 34.8438 0.869928 0.492997 0.0133692 67.4473 -0.0264546 0.0195775 0.999458 -0.222471
0.51214 -0.858352 0.0307256 35.0777 0.858446 0.512706 0.0142594 67.8297 -0.0279928 0.0190734 0.999426 -0.22845
0.533936 -0.844893 0.0326925 35.3382 0.845017 0.534556 0.0139886 68.2128 -0.0292948 0.0201567 0.999368 -0.222024
0.556953 -0.829735 0.0366521 35.5882 0.82991 0.557709 0.0144634 68.552 -0.032442 0.0223626 0.999223 -0.244207
0.583091 -0.811539 0.037557 35.9038 0.811652 0.583919 0.016124 68.9082 -0.0350155 0.0210815 0.999164 -0.22561
0.614995 -0.787587 0.0385767 36.1274 0.787696 0.615859 0.0159076 69.219 -0.0362864 0.0206037 0.999129 -0.226529
0.650295 -0.758626 0.040044 36.3101 0.758701 0.65123 0.0164935 69.5613 -0.0385903 0.0196558 0.999062 -0.255244
0.684641 -0.727637 0.04255 36.6054 0.727689 0.685693 0.0171497 69.845 -0.041655 0.0192218 0.998947 -0.281919
0.718422 -0.694371 0.0414612 36.934 0.69437 0.719423 0.0167684 70.1232 -0.0414716 0.0167426 0.998999 -0.29468
0.753401 -0.656413 0.0388445 37.3179 0.656326 0.754292 0.016728 70.3735 -0.0402806 0.0128918 0.999105 -0.291204
0.790764 -0.610877 0.0390094 37.6079 0.610809 0.791635 0.0150381 70.6007 -0.0400676 0.0119357 0.999126 -0.301205
0.826348 -0.561852 0.0383532 37.9414 0.561714 0.82719 0.0153248 70.8052 -0.0403357 0.00887994 0.999147 -0.327221
0.861342 -0.506728 0.0363005 38.2523 0.506555 0.862086 0.0144831 70.9986 -0.0386331 0.00591331 0.999236 -0.357402
0.89317 -0.448267 0.0361172 38.5786 0.448102 0.893888 0.0129927 71.1443 -0.038109 0.00457948 0.999263 -0.365674
0.920594 -0.388821 0.0364103 38.9125 0.388624 0.92131 0.0126157 71.2611 -0.0384504 0.00253598 0.999257 -0.378399
0.943563 -0.328841 0.0394136 39.2957 0.328593 0.944385 0.0128053 71.3791 -0.0414326 0.000868409 0.999141 -0.367216
0.962617 -0.26777 0.0408499 39.6456 0.267395 0.963478 0.0144736 71.4585 -0.0432336 -0.00300948 0.99906 -0.395787
0.977375 -0.207138 0.0428044 40.028 0.206731 0.978301 0.0137836 71.5294 -0.0447307 -0.00462278 0.998988 -0.417071
0.988388 -0.146125 0.0416646 40.3981 0.145773 0.989253 0.0113781 71.5658 -0.0428794 -0.0051724 0.999067 -0.448887
0.995264 -0.0880149 0.0412635 40.7622 0.0877773 0.996112 0.00753841 71.5457 -0.0417665 -0.00388071 0.99912 -0.44637
0.998609 -0.032071 0.0418395 41.1225 0.031741 0.99946 0.00852963 71.5241 -0.0420904 -0.00718974 0.999088 -0.437619
0.998897 0.0233122 0.0407563 41.5333 -0.0238062 0.999648 0.0116779 71.557 -0.0404697 -0.0126353 0.999101 -0.430524
0.996316 0.0752155 0.0411982 41.9093 -0.0758311 0.997028 0.0135883 71.552 -0.0400537 -0.0166623 0.999059 -0.469133
0.991453 0.124565 0.0387909 42.2694 -0.12498 0.992123 0.00845897 71.5085 -0.0374317 -0.0132347 0.999211 -0.508789
0.98496 0.168757 0.0370655 42.6629 -0.168711 0.985656 -0.00439111 71.4107 -0.0372749 -0.00192829 0.999303 -0.518568
0.977766 0.206174 0.0382783 43.049 -0.205957 0.978514 -0.00956039 71.3145 -0.039427 0.00146414 0.999221 -0.484988
0.969805 0.240736 0.0390418 43.4396 -0.240609 0.970589 -0.00800207 71.2372 -0.03982 -0.00163336 0.999206 -0.460162
0.961708 0.271354 0.0385267 43.8275 -0.271607 0.962407 0.00141412 71.171 -0.0366947 -0.0118241 0.999257 -0.454187
0.953093 0.300363 0.0373543 44.2041 -0.300876 0.953622 0.00883514 71.0536 -0.0329681 -0.0196597 0.999263 -0.506267
0.945028 0.325165 0.0344968 44.5754 -0.325647 0.945446 0.00927041 70.9429 -0.0296004 -0.0199946 0.999362 -0.511502
0.937172 0.347554 0.0302613 44.9745 -0.347834 0.937546 0.00436311 70.7669 -0.026855 -0.0146149 0.999532 -0.563302
0.930176 0.36649 0.0214108 45.3697 -0.366619 0.930368 0.00234225 70.599 -0.0190615 -0.0100283 0.999768 -0.557225
0.922557 0.385569 0.0150195 45.762 -0.385647 0.922643 0.00260935 70.4311 -0.0128515 -0.00819949 0.999884 -0.548082
0.915636 0.40175 0.0144385 46.1955 -0.401848 0.915695 0.004532 70.2805 -0.0114006 -0.00995175 0.999885 -0.556637
0.909132 0.41603 0.0199659 46.6372 -0.416229 0.909233 0.00694456 70.077 -0.0152645 -0.0146239 0.999776 -0.562353
0.902836 0.429273 0.0247412 47.0415 -0.429539 0.903025 0.00644259 69.8688 -0.0195763 -0.0164439 0.999673 -0.567095
0.897185 0.440886 0.0260575 47.4913 -0.44112 0.89744 0.00377088 69.6207 -0.0217226 -0.0148777 0.999653 -0.570269
0.89235 0.450699 0.0241441 47.9473 -0.450803 0.892622 -0.00122663 69.4007 -0.0221044 -0.00978967 0.999708 -0.601231
0.887427 0.460379 0.0228807 48.3917 -0.460435 0.887688 -0.00309588 69.1676 -0.0217362 -0.0077877 0.999733 -0.616518
0.88362 0.467733 0.0209922 48.8811 -0.467759 0.883847 -0.00397932 68.9297 -0.0204152 -0.0063031 0.999772 -0.616627
0.880292 0.474063 0.0187305 49.4006 -0.473994 0.880489 -0.00825276 68.6851 -0.0204044 -0.00161333 0.99979 -0.624145
0.877724 0.478834 0.0178214 49.8835 -0.478781 0.877903 -0.00743125 68.425 -0.0192038 -0.00200996 0.999814 -0.631227
0.87487 0.484036 0.0176512 50.3964 -0.48396 0.875047 -0.00865297 68.1299 -0.0196339 -0.000972228 0.999807 -0.649416
0.872016 0.489201 0.0164332 50.92 -0.489094 0.872171 -0.010272 67.8097 -0.0193577 0.00091994 0.999812 -0.671544
0.870669 0.491648 0.0147636 51.471 -0.491483 0.870782 -0.0134962 67.4908 -0.0194912 0.00449465 0.9998 -0.693175
0.86927 0.494138 0.0140624 52.0208 -0.493932 0.869357 -0.0157756 67.2146 -0.0200206 0.00676743 0.999777 -0.703713
0.868207 0.495968 0.0152092 52.5726 -0.495795 0.868329 -0.0138776 66.8503 -0.0200894 0.00450803 0.999788 -0.709748
0.867614 0.497037 0.0141549 53.1745 -0.496835 0.867705 -0.0156098 66.5149 -0.0200409 0.00651063 0.999778 -0.7303
0.86789 0.496599 0.0125354 53.7721 -0.496344 0.867921 -0.0188638 66.1645 -0.0202475 0.0101499 0.999743 -0.740286
0.869332 0.494113 0.0107033 54.3865 -0.493827 0.869294 -0.021499 65.8214 -0.0199273 0.0134041 0.999712 -0.753743
0.870981 0.491202 0.0105875 55.009 -0.490941 0.870957 -0.0202708 65.4597 -0.0191783 0.0124576 0.999738 -0.770014
0.873322 0.487047 0.00970818 55.6584 -0.486775 0.873263 -0.0215042 65.0917 -0.0189513 0.0140544 0.999722 -0.797482
0.875552 0.483021 0.00999278 56.3496 -0.482729 0.875485 -0.0223481 64.7196 -0.0195431 0.0147432 0.9997 -0.808723
0.877412 0.479614 0.0109057 57.0556 -0.479295 0.877351 -0.0230498 64.3618 -0.0206231 0.0149971 0.999675 -0.824177
0.879257 0.476194 0.0120783 57.7102 -0.475828 0.8792 -0.0243833 64.0219 -0.0222304 0.015692 0.99963 -0.843272
0.881169 0.472647 0.0120634 58.4408 -0.472267 0.881099 -0.0250543 63.637 -0.0224709 0.0163799 0.999613 -0.851668
0.883155 0.468883 0.0136382 59.1868 -0.46852 0.883147 -0.0232343 63.2567 -0.0229387 0.0141297 0.999637 -0.863209
0.884416 0.466573 0.0108406 59.883 -0.466266 0.884358 -0.0224907 62.9177 -0.0200805 0.0148366 0.999688 -0.871341
0.885352 0.464808 0.0102849 60.6237 -0.464667 0.885382 -0.0135289 62.5427 -0.0153945 0.00719879 0.999856 -0.896993
0.885795 0.463922 0.0120042 61.3264 -0.463909 0.885874 -0.00398336 62.2007 -0.0124822 -0.00204044 0.99992 -0.867232
0.885544 0.464376 0.0128885 62.0857 -0.464381 0.885631 -0.0028356 61.8279 -0.0127312 -0.00347411 0.999913 -0.884479
0.885313 0.464764 0.0146739 62.8334 -0.464782 0.885422 -0.0023908 61.42 -0.0141037 -0.00470353 0.999889 -0.911689
0.885524 0.464355 0.0148973 63.511 -0.464335 0.885646 -0.00498013 61.0572 -0.0155063 -0.00250732 0.999877 -0.895953
0.885343 0.464746 0.0134187 64.2894 -0.464683 0.885444 -0.00764412 60.6729 -0.015434 0.000532242 0.999881 -0.901103
0.885802 0.463766 0.0165947 65.0277 -0.463785 0.885943 -0.00296917 60.3122 -0.0160789 -0.00506626 0.999858 -0.892398
0.885519 0.464309 0.0165301 65.7627 -0.464343 0.885653 -0.00197106 59.9455 -0.0155552 -0.00593024 0.999861 -0.912993
0.884655 0.465928 0.0172313 66.4887 -0.466012 0.884778 0.000973433 59.5568 -0.0147923 -0.00889114 0.999851 -0.900574
0.883736 0.467557 0.0200531 67.2048 -0.467741 0.883848 0.00548885 59.21 -0.0151576 -0.0142304 0.999784 -0.917314
0.881913 0.470888 0.022254 67.9082 -0.471139 0.882027 0.00754702 58.832 -0.0160748 -0.0171405 0.999724 -0.92425
0.879738 0.474842 0.0241901 68.6433 -0.475116 0.879896 0.00686359 58.4326 -0.0180257 -0.0175313 0.999684 -0.91517
0.876975 0.479865 0.0253802 69.3952 -0.480168 0.877147 0.00722852 58.0695 -0.0187934 -0.018526 0.999652 -0.906851
0.873282 0.486567 0.0251263 70.0657 -0.486855 0.873458 0.00662891 57.652 -0.0187214 -0.0180218 0.999662 -0.905998
0.868962 0.494212 0.0256848 70.7944 -0.494547 0.869109 0.00851927 57.2455 -0.0181125 -0.0201053 0.999634 -0.946182
0.863831 0.503173 0.024756 71.5221 -0.503471 0.863981 0.00734947 56.8437 -0.0176906 -0.0188126 0.999666 -0.93235
0.85859 0.511957 0.0268939 72.1653 -0.512324 0.858748 0.00872586 56.4511 -0.0186278 -0.0212703 0.9996 -0.913329
0.853428 0.52045 0.0281701 72.881 -0.520862 0.853588 0.00952486 56.0393 -0.0190885 -0.0228015 0.999558 -0.913454
0.847605 0.529816 0.0293243 73.5736 -0.53026 0.847779 0.0097047 55.5905 -0.0197188 -0.0237753 0.999523 -0.924487
0.842032 0.538589 0.0300621 74.2133 -0.539104 0.842148 0.0123527 55.1525 -0.0186637 -0.026608 0.999472 -0.929244
0.835518 0.548706 0.0288117 74.9007 -0.549152 0.83566 0.0102043 54.7618 -0.0184776 -0.0243479 0.999533 -0.931522
0.829587 0.557664 0.0282087 75.5484 -0.558108 0.829697 0.0108692 54.3041 -0.0173434 -0.0247604 0.999543 -0.951325
0.823157 0.56713 0.0278505 76.1834 -0.567562 0.823262 0.0106188 53.886 -0.016906 -0.0245478 0.999556 -0.946849
0.817628 0.575137 0.026512 76.815 -0.575552 0.817682 0.0116271 53.4639 -0.0149913 -0.0247657 0.999581 -0.961711
0.812606 0.58218 0.0271544 77.4098 -0.582632 0.812632 0.0129912 53.0373 -0.0145033 -0.0263777 0.999547 -0.952641
0.807127 0.589778 0.0266107 78.0228 -0.590194 0.807181 0.0114042 52.5844 -0.0147537 -0.0249101 0.999581 -0.960726
0.801319 0.597719 0.0248706 78.6162 -0.598067 0.80139 0.0094847 52.1119 -0.0142619 -0.0224746 0.999646 -0.971841
0.797104 0.603221 0.0273939 79.2167 -0.603658 0.797161 0.0114752 51.6643 -0.0149152 -0.0256835 0.999559 -0.989582
0.794267 0.606995 0.02639 79.8058 -0.607366 0.794374 0.00871478 51.2324 -0.0156737 -0.0229503 0.999614 -0.976037
0.791758 0.610312 0.0252691 80.4065 -0.610567 0.791959 0.00311481 50.7538 -0.0181111 -0.0178946 0.999676 -0.989259
0.789877 0.612735 0.0255036 80.902 -0.612932 0.790136 -0.000121649 50.3611 -0.0202258 -0.0155359 0.999675 -0.992313
0.788994 0.613941 0.0237677 81.4728 -0.614023 0.789275 -0.004554 49.8818 -0.0215551 -0.0110008 0.999707 -0.979676
0.789105 0.613923 0.0202982 81.9716 -0.613934 0.789331 -0.0064478 49.5299 -0.0199804 -0.00737373 0.999773 -0.999871
0.789921 0.612898 0.0195355 82.5384 -0.612915 0.790128 -0.00579325 49.0826 -0.0189862 -0.00739741 0.999792 -0.995876
0.791167 0.611404 0.0154811 83.0446 -0.611368 0.791311 -0.00755209 48.7218 -0.0168677 -0.00348968 0.999852 -1.01431
0.794237 0.607407 0.015624 83.5813 -0.607389 0.794379 -0.00638863 48.3121 -0.0162919 -0.00441578 0.999858 -1.00725
0.798948 0.601204 0.0153493 84.025 -0.60122 0.799073 -0.00406627 47.9906 -0.0147099 -0.00597957 0.999874 -1.03328
0.805634 0.592209 0.0155663 84.5385 -0.592206 0.805769 -0.00529149 47.6067 -0.0156765 -0.00495545 0.999865 -1.01185
0.813081 0.581985 0.0138927 85.017 -0.581974 0.813191 -0.00521881 47.2963 -0.0143347 -0.00384188 0.99989 -1.00574
0.822594 0.568464 0.013714 85.464 -0.568499 0.822682 -0.00152575 46.9949 -0.0121496 -0.00654131 0.999905 -1.0243
0.834294 0.551206 0.0112218 85.926 -0.551223 0.834356 -0.00183222 46.7146 -0.0103729 -0.0046571 0.999935 -1.02702
0.847527 0.530683 0.00857474 86.3493 -0.530708 0.847554 0.00079346 46.462 -0.00684648 -0.00522316 0.999963 -1.03455
0.861966 0.506886 0.00904777 86.8276 -0.506931 0.86198 0.00350213 46.2335 -0.00602382 -0.00760531 0.999953 -1.01876
0.877803 0.47893 0.00939418 87.34 -0.478988 0.877806 0.00523724 46.0225 -0.005738 -0.00909696 0.999942 -1.03048
0.894658 0.446645 0.00971246 87.8173 -0.446693 0.894681 0.00331043 45.8001 -0.00721097 -0.00730019 0.999947 -1.02841
0.912298 0.409348 0.0120936 88.3249 -0.409394 0.912357 0.00143413 45.6487 -0.0104467 -0.00625942 0.999926 -1.01809
0.929232 0.369169 0.0155857 88.8181 -0.369252 0.929325 0.00273101 45.5126 -0.013476 -0.00829278 0.999875 -1.02351
0.945882 0.323938 0.0192749 89.3166 -0.324045 0.946038 0.00260796 45.3732 -0.0173899 -0.00871275 0.999811 -1.00599
0.961729 0.273183 0.0211859 89.851 -0.273324 0.961913 0.00403733 45.2492 -0.019276 -0.00967343 0.999767 -1.03792
0.975592 0.218632 0.0205087 90.3608 -0.218795 0.975752 0.00604323 45.2055 -0.0186901 -0.0103829 0.999771 -1.05976
0.987141 0.158833 0.0179936 90.8839 -0.158887 0.987295 0.00157441 45.1888 -0.0175149 -0.00441311 0.999837 -1.0577
0.995476 0.0941108 0.0130917 91.3644 -0.0941331 0.995559 0.00109537 45.1579 -0.0129305 -0.00232278 0.999914 -1.04854
0.999553 0.0281124 0.0101933 91.8134 -0.0280979 0.999604 -0.00156093 45.1875 -0.0102332 0.00127382 0.999947 -1.03759
0.999155 -0.0401503 0.0087665 92.2625 0.0401472 0.999194 0.000536169 45.3025 -0.00878096 -0.000183766 0.999961 -1.03765
0.993998 -0.109197 0.00656782 92.7017 0.109188 0.99402 0.00177109 45.4041 -0.00672194 -0.00104333 0.999977 -1.05557
0.98407 -0.177749 0.00347271 93.1419 0.17775 0.984076 0.000205905 45.5331 -0.00345401 0.000414649 0.999994 -1.04896
0.969467 -0.245189 0.00394928 93.5974 0.245195 0.969473 -0.00107266 45.6758 -0.00356572 0.00200825 0.999992 -1.06158
0.950304 -0.311248 0.00687914 94.052 0.31126 0.950325 -0.000641435 45.8387 -0.00633777 0.00275076 0.999976 -1.03896
0.927124 -0.374621 0.0100378 94.4673 0.374638 0.927171 0.000245591 46.0331 -0.0093988 0.00353286 0.99995 -1.05595
0.899657 -0.436389 0.0134632 94.8962 0.436411 0.899746 0.00144603 46.2741 -0.0127445 0.00457457 0.999908 -1.05075
0.870645 -0.491623 0.0168415 95.2844 0.491653 0.870787 0.00259616 46.4907 -0.0159417 0.00601984 0.999855 -1.04641
0.841247 -0.540176 0.0226697 95.6336 0.540156 0.841531 0.00749523 46.7863 -0.023126 0.00593983 0.999715 -1.03007
0.811924 -0.583311 0.0229586 96.0004 0.583244 0.812233 0.0102321 47.0421 -0.0246162 0.00508274 0.999684 -1.0346
0.784379 -0.619981 0.0193149 96.3529 0.61979 0.784617 0.0153947 47.2993 -0.0246992 -0.00010409 0.999695 -1.02507
0.761276 -0.648211 0.0167969 96.6656 0.648005 0.761459 0.016412 47.6408 -0.0234286 -0.00160956 0.999724 -1.04743
0.739596 -0.67287 0.0155919 96.9685 0.672669 0.739758 0.0165663 47.9656 -0.0226812 -0.0017642 0.999741 -1.08821
0.722875 -0.690802 0.0156228 97.3264 0.690681 0.723043 0.012997 48.2451 -0.0202744 0.00139517 0.999793 -1.10091
0.711024 -0.702921 0.0186401 97.6625 0.702843 0.711251 0.0115555 48.5965 -0.0213803 0.00488483 0.999759 -1.09984
0.701732 -0.712235 0.0171259 97.9789 0.712137 0.701932 0.0123443 48.954 -0.0208132 0.00353358 0.999777 -1.07396
0.695528 -0.718381 0.0130093 98.3098 0.718183 0.695645 0.0170553 49.3461 -0.0213021 -0.00251936 0.99977 -1.09343
0.691439 -0.722389 0.00812966 98.6666 0.722186 0.691452 0.0184876 49.7259 -0.0189765 -0.00691193 0.999796 -1.06035
0.689815 -0.723986 0.000638636 99.0373 0.723818 0.689673 0.0209454 50.1716 -0.0156046 -0.0139862 0.99978 -1.08536
0.689971 -0.723836 -0.00144568 99.3873 0.723736 0.689839 0.0181139 50.5519 -0.0121142 -0.0135444 0.999835 -1.10098
0.691523 -0.722354 0.000166742 99.8037 0.722305 0.69148 0.01145 50.9924 -0.00838622 -0.00779747 0.999934 -1.09845
0.694218 -0.719761 -0.00208625 100.199 0.719754 0.69419 0.00735266 51.381 -0.00384391 -0.00660594 0.999971 -1.10125
0.697973 -0.716117 -0.00335064 100.587 0.716124 0.697962 0.00396645 51.7766 -0.000501821 -0.00516795 0.999986 -1.0994
0.701189 -0.712908 -0.00975418 100.993 0.712973 0.701091 0.0118778 52.2173 -0.00162922 -0.0152831 0.999882 -1.1161
0.704839 -0.709302 -0.00961542 101.398 0.709354 0.704681 0.0155325 52.6266 -0.00424142 -0.0177687 0.999833 -1.12141
0.708114 -0.706064 -0.00695977 101.859 0.706059 0.707937 0.0174754 53.1018 -0.00741166 -0.0172886 0.999823 -1.14104
0.711714 -0.702467 -0.00213018 102.269 0.702386 0.711579 0.0175711 53.5328 -0.0108273 -0.0140018 0.999843 -1.15265
0.713321 -0.700832 0.00272384 102.78 0.700687 0.713243 0.0179349 54.0086 -0.0145121 -0.0108848 0.999835 -1.14076
0.715529 -0.698542 0.00759395 103.239 0.698424 0.715555 0.0136209 54.4535 -0.0149487 -0.00444235 0.999878 -1.17514
0.715823 -0.698254 0.00625359 103.736 0.698157 0.715835 0.0125301 54.9216 -0.0132258 -0.00460337 0.999902 -1.18595
0.715262 -0.698855 0.00119677 104.22 0.698813 0.715236 0.0098686 55.3556 -0.0077527 -0.00622232 0.999951 -1.19756
0.714955 -0.699164 -0.00305572 104.732 0.699169 0.714935 0.00562844 55.8563 -0.00175057 -0.00616054 0.999979 -1.19125
0.713075 -0.701044 -0.00776441 105.22 0.701083 0.713065 0.00450563 56.3606 0.00237788 -0.00865636 0.99996 -1.17994
0.71093 -0.703248 -0.00452484 105.74 0.703262 0.710917 0.00432215 56.8718 0.000177251 -0.0062549 0.99998 -1.16728
0.709693 -0.704511 -0.000214966 106.249 0.704488 0.709668 0.00821692 57.3598 -0.00563635 -0.00598293 0.999966 -1.17422
0.70815 -0.706061 0.00107852 106.757 0.705988 0.708097 0.0133972 57.8916 -0.0102229 -0.00872581 0.99991 -1.19444
0.706581 -0.707631 0.00118652 107.292 0.707578 0.706547 0.0111791 58.437 -0.00874902 -0.0070594 0.999937 -1.1875
0.704756 -0.709448 -0.00136599 107.818 0.709434 0.704727 0.00795847 58.9854 -0.00468347 -0.00657786 0.999967 -1.16629
0.702371 -0.711795 -0.00472583 108.35 0.71181 0.702344 0.00628761 59.5344 -0.00115633 -0.00778013 0.999969 -1.17427
0.698906 -0.715165 -0.00836616 108.888 0.715213 0.698871 0.00702127 60.097 0.000825496 -0.0108908 0.99994 -1.19189
0.696606 -0.717397 -0.00896838 109.416 0.717453 0.696567 0.00745561 60.6832 0.000898449 -0.011628 0.999932 -1.19966
0.694618 -0.719345 -0.00694857 109.978 0.719377 0.694563 0.00886637 61.2651 -0.00155176 -0.0111574 0.999937 -1.17744
0.692415 -0.721483 -0.00493182 110.559 0.721487 0.692348 0.0105234 61.8376 -0.00417791 -0.0108448 0.999932 -1.17503
0.690938 -0.722907 -0.00314751 111.169 0.722902 0.690894 0.00888943 62.4413 -0.00425164 -0.00841738 0.999955 -1.1895
0.690399 -0.723429 0.000466673 111.732 0.723418 0.690392 0.00499452 63.011 -0.00393537 -0.00311061 0.999987 -1.13606
0.689727 -0.724061 -0.00356158 112.295 0.724053 0.68967 0.0101079 63.5867 -0.00486243 -0.00955047 0.999943 -1.19019
0.689429 -0.724346 -0.00340548 112.897 0.724344 0.689387 0.00850987 64.2292 -0.0038164 -0.00833368 0.999958 -1.17191
0.690231 -0.723565 -0.00592053 113.447 0.723588 0.690193 0.00730439 64.864 -0.00119889 -0.00932574 0.999956 -1.15385
0.69163 -0.722022 -0.0182439 113.992 0.722252 0.69139 0.0182301 65.4696 -0.000548904 -0.0257852 0.999667 -1.14854
0.694208 -0.719513 -0.0193778 114.596 0.719773 0.693917 0.020148 66.1235 -0.00105018 -0.0279346 0.999609 -1.12113
0.696621 -0.717155 -0.0202188 115.154 0.717438 0.696288 0.021569 66.7182 -0.00139022 -0.0295312 0.999563 -1.1357
0.698735 -0.715093 -0.0202839 115.772 0.715379 0.6984 0.0216805 67.3788 -0.00133733 -0.0296596 0.999559 -1.16066
0.700185 -0.713667 -0.0205051 116.363 0.713961 0.69989 0.0203185 68.0088 -0.000149299 -0.0288665 0.999583 -1.15055
0.70126 -0.712703 -0.017011 116.947 0.712905 0.701039 0.0176182 68.5644 -0.000631186 -0.0244822 0.9997 -1.12955
0.701443 -0.712617 -0.0123955 117.565 0.712724 0.701313 0.0135733 69.2028 -0.000979473 -0.0183554 0.999831 -1.13808
0.702327 -0.711752 -0.0121191 118.192 0.711855 0.702224 0.0120189 69.8535 -4.4086e-05 -0.0170682 0.999854 -1.1475
0.703452 -0.710664 -0.0105659 118.767 0.710737 0.703313 0.0142553 70.4216 -0.00269959 -0.0175376 0.999842 -1.10404
0.704077 -0.710011 -0.0126625 119.392 0.710098 0.703787 0.0210998 71.074 -0.00606942 -0.0238475 0.999697 -1.0957
0.704616 -0.709483 -0.012261 119.994 0.709513 0.704182 0.0268115 71.6809 -0.0103884 -0.0275912 0.999565 -1.09366
0.705314 -0.708742 -0.0147341 120.593 0.708874 0.704982 0.0223245 72.2572 -0.00543501 -0.0261904 0.999642 -1.11844
0.705497 -0.708448 -0.0193652 121.185 0.708673 0.705485 0.00862942 72.868 0.00754836 -0.0198116 0.999775 -1.16124
0.704738 -0.70917 -0.0205467 121.783 0.709324 0.704882 0.000337233 73.4638 0.0142439 -0.014812 0.999789 -1.10634
0.704104 -0.709873 -0.017834 122.361 0.710038 0.704148 0.00475879 74.0407 0.0091796 -0.0160135 0.99983 -1.11255
0.703918 -0.710244 -0.00730428 122.972 0.710268 0.703804 0.0133585 74.6952 -0.00434699 -0.0145913 0.999884 -1.12295
0.703209 -0.710884 0.0118452 123.601 0.710499 0.703248 0.0251856 75.2912 -0.0262342 -0.00929472 0.999613 -1.07587
0.702517 -0.711646 0.00540269 124.167 0.711353 0.702412 0.0243695 75.867 -0.0211374 -0.0132768 0.999688 -1.07585
0.701774 -0.712375 -0.00601351 124.718 0.712369 0.70164 0.0152349 76.4943 -0.00663367 -0.0149753 0.999866 -1.06809
0.700575 -0.713442 -0.0139918 125.282 0.713577 0.70049 0.0110519 77.0439 0.00191618 -0.0177269 0.999841 -1.09763
0.699094 -0.714851 -0.0160012 125.88 0.715019 0.699031 0.0101756 77.6602 0.0039113 -0.0185548 0.99982 -1.09265
0.697302 -0.716666 -0.0126484 126.461 0.716774 0.697244 0.0092709 78.2896 0.00217489 -0.0155307 0.999877 -1.07036
0.694507 -0.719394 -0.0115389 126.995 0.719484 0.694458 0.00843903 78.8217 0.00194228 -0.014163 0.999898 -1.08808
0.691363 -0.722432 -0.0104215 127.551 0.722502 0.69134 0.00627137 79.4318 0.00267414 -0.0118653 0.999926 -1.08004
0.688972 -0.724667 -0.0132182 128.128 0.724781 0.688933 0.00803002 80.0431 0.00328734 -0.0151127 0.99988 -1.06348
0.687123 -0.726327 -0.0176358 128.657 0.726535 0.687017 0.0124479 80.6264 0.00307484 -0.0213662 0.999767 -1.06942
0.685976 -0.727351 -0.0199318 129.214 0.727622 0.685781 0.0164413 81.2289 0.00171026 -0.0257812 0.999666 -1.0691
0.684802 -0.728436 -0.0206627 129.79 0.728728 0.68447 0.0213587 81.845 -0.00141544 -0.0296839 0.999558 -1.08124
0.683821 -0.729435 -0.0176894 130.335 0.729644 0.683522 0.0204418 82.4239 -0.00281989 -0.0268855 0.999635 -1.08119
0.68178 -0.731405 -0.0149215 130.91 0.731557 0.681636 0.0140014 83.0467 -6.96639e-05 -0.0204618 0.999791 -1.08113
0.678585 -0.734397 -0.0135054 131.467 0.734515 0.678542 0.00823691 83.6415 0.00311485 -0.0155094 0.999875 -1.02152
0.673448 -0.73914 -0.0118123 132.001 0.739229 0.673418 0.00691637 84.228 0.00284246 -0.0133898 0.999906 -1.02326
0.669053 -0.743152 -0.00963235 132.531 0.743215 0.668999 0.00852931 84.8173 0.000105448 -0.0128655 0.999917 -1.0208
0.66467 -0.747108 -0.00659953 133.062 0.747112 0.66455 0.0140737 85.4095 -0.00612886 -0.014285 0.999879 -1.04441
0.660869 -0.750489 0.00418909 133.616 0.750284 0.660802 0.0203483 86.0393 -0.0180393 -0.0103046 0.999784 -0.976451
0.657718 -0.753253 0.00405564 134.127 0.752959 0.657595 0.024946 86.6483 -0.0214576 -0.0133537 0.999681 -0.984884
0.654943 -0.755677 0.00152555 134.615 0.755494 0.654827 0.0207554 87.2276 -0.0166833 -0.012441 0.999783 -0.980819
0.649859 -0.760053 0.00158867 135.124 0.759985 0.649826 0.0121885 87.8403 -0.0102963 -0.00671345 0.999924 -0.963021
0.644294 -0.764768 -0.00375207 135.657 0.764776 0.644276 0.00515518 88.4832 -0.00152515 -0.00619095 0.99998 -1.00734
0.639734 -0.768538 -0.00944882 136.165 0.768596 0.639683 0.00812568 89.1059 -0.000200647 -0.0124606 0.999922 -1.05007
0.633755 -0.773444 -0.0117434 136.688 0.77353 0.633634 0.0126077 89.7303 -0.00231033 -0.0170741 0.999852 -1.03789
0.627462 -0.778501 -0.0150817 137.21 0.778643 0.627278 0.0154177 90.3887 -0.00254232 -0.0214173 0.999767 -1.02734
0.619784 -0.784628 -0.0150362 137.662 0.784772 0.619685 0.0111133 91.0261 0.000597912 -0.0186878 0.999825 -0.993639
0.613288 -0.789673 -0.0171764 138.187 0.789848 0.61325 0.00799235 91.6967 0.00422211 -0.0184684 0.999821 -0.994435
0.606317 -0.79504 -0.0170777 138.7 0.795217 0.606256 0.00910128 92.3707 0.0031176 -0.0190988 0.999813 -0.990005
0.599528 -0.800199 -0.0157299 139.16 0.800352 0.599369 0.0138863 93.0176 -0.00168384 -0.0209147 0.99978 -1.01329
0.593758 -0.804544 -0.0126873 139.679 0.804593 0.59347 0.0205788 93.6962 -0.00902702 -0.0224269 0.999708 -0.99057
0.587135 -0.809414 -0.0110068 140.147 0.809399 0.586813 0.022873 94.3949 -0.0120548 -0.0223384 0.999678 -0.992894
0.582658 -0.812643 -0.0110311 140.616 0.812596 0.582282 0.0252044 95.0464 -0.014059 -0.0236494 0.999621 -0.972112
0.578591 -0.815542 -0.0111639 141.095 0.815514 0.578244 0.0238766 95.7431 -0.013017 -0.0229191 0.999652 -0.993074
0.574886 -0.818074 -0.016144 141.566 0.818196 0.574558 0.0209302 96.43 -0.00784684 -0.0252414 0.999651 -1.0073
0.572209 -0.819757 -0.0239952 142.013 0.820107 0.571921 0.0181802 97.0934 -0.00118005 -0.0300815 0.999547 -0.988531
0.56991 -0.821209 -0.0286086 142.444 0.821705 0.569637 0.0177274 97.7361 0.00173858 -0.0336109 0.999433 -0.993829
0.567116 -0.823097 -0.0298259 142.925 0.823636 0.566678 0.0223348 98.4665 -0.00148203 -0.0372322 0.999306 -1.00963
0.565392 -0.824417 -0.0258492 143.41 0.824723 0.56456 0.0332225 99.1484 -0.0127958 -0.0401022 0.999114 -0.985273
0.562179 -0.826754 -0.020783 143.864 0.826736 0.561158 0.0401159 99.8302 -0.0215034 -0.0397344 0.998979 -0.993612
0.558306 -0.829463 -0.0169058 144.313 0.829406 0.557556 0.0348897 100.502 -0.0195137 -0.0335009 0.999248 -1.03139
0.554063 -0.832401 -0.0110904 144.762 0.832373 0.553739 0.0229848 101.147 -0.0129914 -0.0219664 0.999674 -1.0472
0.54835 -0.836187 -0.0101847 145.188 0.836231 0.548217 0.0132795 101.825 -0.00552067 -0.0157986 0.99986 -1.05568
0.542538 -0.839853 -0.0172775 145.681 0.840016 0.542292 0.0170714 102.601 -0.00496799 -0.0237752 0.999705 -1.05766
0.536374 -0.84383 -0.0159068 146.106 0.843894 0.535956 0.0243596 103.257 -0.01203 -0.0264895 0.999577 -1.10363
0.529572 -0.848242 -0.00624072 146.5 0.84814 0.529353 0.0210842 103.93 -0.0145809 -0.0164586 0.999758 -1.07117
0.524347 -0.851504 -0.000841466 146.969 0.851339 0.524226 0.0202183 104.662 -0.0167749 -0.0113178 0.999795 -1.0917
0.519898 -0.854157 0.0110304 147.401 0.854083 0.520004 0.0117079 105.36 -0.0157362 0.00333394 0.999871 -1.05644
0.514063 -0.857657 0.0128265 147.819 0.857654 0.514173 0.00748581 106.065 -0.0130153 0.0071525 0.99989 -1.06461
0.508466 -0.861042 0.00834828 148.28 0.861062 0.508496 0.00189122 106.794 -0.00587349 0.00622677 0.999963 -1.05377
0.50178 -0.864984 0.00449726 148.687 0.864995 0.50177 -0.00318541 107.493 0.000498737 0.00548848 0.999985 -1.09127
0.496512 -0.868019 0.00422266 149.105 0.868019 0.496524 0.00250799 108.223 -0.00427364 0.0024201 0.999988 -1.06168
0.492238 -0.870435 0.0067328 149.547 0.870347 0.492284 0.0123461 109.028 -0.0140609 -0.000217319 0.999901 -1.07109
0.487664 -0.872916 0.0141749 149.942 0.872761 0.487853 0.0169699 109.741 -0.0217286 0.00409562 0.999756 -1.04107
0.485103 -0.874266 0.0182978 150.303 0.874184 0.485368 0.0148556 110.442 -0.0218689 0.00878911 0.999722 -1.057
0.482998 -0.875535 0.0123037 150.717 0.875531 0.483102 0.00757835 111.198 -0.012579 0.00711192 0.999896 -1.00117
0.480724 -0.876862 -0.00413854 151.08 0.87687 0.480709 0.00412808 111.938 -0.00163032 -0.00561344 0.999983 -1.04461
0.478352 -0.878114 -0.00978279 151.459 0.878162 0.478359 0.00173981 112.671 0.00315194 -0.00942312 0.999951 -1.0287
0.476187 -0.879342 -0.00193574 151.892 0.879342 0.476181 0.00294251 113.478 -0.00166571 -0.00310336 0.999994 -1.0368
0.475715 -0.879596 0.00261512 152.307 0.879569 0.475721 0.00690944 114.213 -0.00732158 -0.000986746 0.999973 -1.0406
0.476019 -0.87942 0.00513209 152.675 0.879308 0.476041 0.014224 114.917 -0.014952 -0.00225822 0.999886 -1.06398
0.474304 -0.880299 0.0104501 153.101 0.880223 0.474406 0.0120727 115.724 -0.0155852 0.00347228 0.999873 -1.06871
0.473375 -0.880816 0.0089474 153.456 0.880816 0.473429 0.00529138 116.412 -0.00889669 0.00537622 0.999946 -1.05323
0.472033 -0.881557 0.00652562 153.883 0.881578 0.472001 -0.00589774 117.139 0.00211909 0.00853677 0.999961 -1.04218
0.469765 -0.882774 0.00557873 154.317 0.882757 0.469681 -0.0118368 117.965 0.00782897 0.0104852 0.999914 -1.02412
0.467935 -0.883758 0.00297332 154.684 0.883752 0.46791 -0.00658585 118.705 0.00442905 0.00570943 0.999974 -1.00905
0.467034 -0.884232 0.00374445 155.078 0.88422 0.467047 0.00459467 119.442 -0.00581159 0.00116506 0.999982 -1.04429
0.465982 -0.884782 0.00463523 155.529 0.884747 0.466005 0.00787567 120.26 -0.00912829 0.000431084 0.999958 -1.03698
0.465066 -0.885167 0.0139093 155.864 0.885255 0.465106 -0.000408697 120.975 -0.00610752 0.0125033 0.999903 -0.992837
0.465274 -0.88511 0.00998385 156.254 0.885166 0.46525 -0.00476633 121.726 -0.000426254 0.011055 0.999939 -1.01793
0.465287 -0.885154 0.00338343 156.629 0.88516 0.465279 -0.00274901 122.465 0.000859056 0.00427395 0.999991 -0.998304
0.464513 -0.885566 2.34305e-05 157.003 0.885566 0.464513 0.000347541 123.217 -0.000318654 -0.000140688 1 -0.977351
0.46419 -0.885735 -0.00139848 157.388 0.885724 0.464175 0.00580775 123.963 -0.00449499 -0.00393456 0.999982 -0.993938
0.463331 -0.886185 -0.000878723 157.757 0.886146 0.463301 0.00992654 124.716 -0.00838964 -0.00537795 0.99995 -0.962635
0.463064 -0.886314 0.00446279 158.15 0.886283 0.463085 0.00741006 125.454 -0.00863429 0.000523964 0.999963 -0.922453
0.463008 -0.886351 0.00218311 158.536 0.886344 0.463013 0.00367703 126.201 -0.00426994 0.000232494 0.999991 -0.97878
0.461979 -0.886857 0.0078006 158.87 0.886888 0.461939 -0.00642812 126.893 0.00209742 0.00988792 0.999949 -0.868968
0.460984 -0.887394 0.00514626 159.251 0.887407 0.460963 -0.00467669 127.65 0.00177783 0.0067227 0.999976 -0.865403
0.459276 -0.888292 -0.00192046 159.622 0.888281 0.459257 0.00629559 128.382 -0.00471033 -0.00459732 0.999978 -0.951701
0.458124 -0.888888 0.000914899 159.998 0.88874 0.458066 0.0178291 129.075 -0.0162672 -0.00735482 0.999841 -0.95201
0.456982 -0.889386 0.0126868 160.35 0.889287 0.457132 0.0141103 129.744 -0.018349 0.00483404 0.99982 -0.941817
0.456047 -0.889855 0.0133948 160.68 0.889838 0.45618 0.0094291 130.407 -0.014501 0.00761911 0.999866 -0.914926
0.457248 -0.889299 0.00847225 161.019 0.8893 0.457296 0.0049643 131.062 -0.00828908 0.00526446 0.999952 -0.944227
0.458312 -0.888781 0.00426711 161.331 0.888791 0.458306 -0.00246269 131.693 0.000233147 0.00492125 0.999988 -0.896624
0.458957 -0.888413 0.00899302 161.686 0.888451 0.458888 -0.00877759 132.336 0.00367134 0.0120184 0.999921 -0.877604
0.461219 -0.887285 0.00160958 161.983 0.88727 0.461199 -0.00684838 132.937 0.00533413 0.00458673 0.999975 -0.879292
0.465432 -0.885081 -0.00213538 162.284 0.885064 0.465436 -0.00556376 133.535 0.00591826 0.000699604 0.999982 -0.878556
0.470614 -0.882339 -0.000444109 162.604 0.882334 0.470613 -0.00325481 134.124 0.00308085 0.00113991 0.999995 -0.833459
0.476011 -0.87943 0.00416422 162.9 0.879412 0.476028 0.00568268 134.69 -0.0069798 0.000957048 0.999975 -0.862857
