0.483996 -0.874759 0.0233359 0.689592 0.875023 0.484074 -0.00254997 0.550882 -0.00906569 0.0216536 0.999724 0.785252
0.482057 -0.87583 0.0233198 1.06555 0.876087 0.482151 -0.00178577 1.25365 -0.00967963 0.021291 0.999726 0.783335
0.481453 -0.876122 0.0247516 1.51119 0.87642 0.48154 -0.00271496 2.05456 -0.00954022 0.0229999 0.99969 0.781603
0.480266 -0.876836 0.0224207 1.93102 0.877091 0.480311 -0.00368752 2.83636 -0.00753553 0.0214359 0.999742 0.781728
0.478732 -0.87773 0.0201638 2.33436 0.877946 0.478731 -0.00520879 3.59039 -0.00508114 0.0201964 0.999783 0.781909
0.477321 -0.878579 0.0162189 2.75499 0.878721 0.477316 -0.00440582 4.38142 -0.00387067 0.0163549 0.999859 0.780974
0.476524 -0.879042 0.0144886 3.16829 0.879153 0.476528 -0.00341135 5.16095 -0.00390552 0.0143633 0.999889 0.780269
0.47516 -0.879767 0.0152669 3.59607 0.879883 0.475184 -0.0021888 5.95583 -0.00532895 0.0144731 0.999881 0.781231
0.473932 -0.880412 0.0162038 4.02562 0.880538 0.473974 -0.00139244 6.76899 -0.00645427 0.014928 0.999868 0.782811
0.473087 -0.880856 0.0167659 4.44883 0.880988 0.473136 -0.00117353 7.56869 -0.00689883 0.0153257 0.999859 0.789342
0.471175 -0.881883 0.0166225 4.87568 0.882022 0.471202 -0.00246418 8.37065 -0.00565946 0.0158225 0.999859 0.789079
0.470674 -0.882138 0.017285 5.30583 0.882287 0.470705 -0.00244172 9.19262 -0.00598221 0.0163996 0.999848 0.785376
0.469801 -0.882598 0.0175434 5.742 0.882741 0.469859 -0.000959236 10.0086 -0.00739631 0.015937 0.999846 0.788288
0.469965 -0.882518 0.0171478 6.1744 0.882622 0.470075 0.00282761 10.8407 -0.0105562 0.0138061 0.999849 0.787158
0.470712 -0.882088 0.0187209 6.60704 0.882169 0.47089 0.00638884 11.6645 -0.014451 0.0135077 0.999804 0.781641
0.471967 -0.881366 0.0210081 7.05661 0.881447 0.472209 0.0083493 12.502 -0.017279 0.0145769 0.999744 0.777121
0.473288 -0.880588 0.0237466 7.49612 0.880718 0.473574 0.00801201 13.331 -0.018301 0.017122 0.999686 0.772141
0.474912 -0.879697 0.0243296 7.94521 0.879884 0.475159 0.00528335 14.1722 -0.0162082 0.0188981 0.99969 0.763044
0.475863 -0.879244 0.0219994 8.39244 0.879438 0.476011 0.00170229 15.0243 -0.0119687 0.0185371 0.999757 0.756177
0.477529 -0.87845 0.0170937 8.84938 0.878586 0.477582 -0.00103775 15.8584 -0.00725202 0.0155138 0.999853 0.755926
0.478121 -0.878089 0.018948 9.30752 0.878269 0.478158 -0.00282622 16.7028 -0.00657847 0.0179927 0.999816 0.727654
0.477749 -0.878216 0.0221735 9.75447 0.87841 0.477903 0.00191963 17.5928 -0.0122826 0.0185603 0.999752 0.71942
0.477124 -0.878404 0.0275521 10.2227 0.878683 0.477392 0.00371735 18.4495 -0.0164185 0.0224359 0.999613 0.706412
0.476223 -0.878559 0.0366719 10.7108 0.879176 0.476495 -0.00150088 19.2726 -0.0161554 0.0329558 0.999326 0.698895
0.475361 -0.879023 0.0367573 11.1534 0.879692 0.47552 -0.00484295 20.1118 -0.0132218 0.0346373 0.999312 0.697099
0.473674 -0.880061 0.0335662 11.647 0.880649 0.473713 -0.00726471 21.0288 -0.00950738 0.0330012 0.99941 0.689587
0.471831 -0.881183 0.0298573 12.1133 0.881659 0.471822 -0.00778968 21.9253 -0.0072232 0.0299994 0.999524 0.699498
0.470589 -0.881908 0.0279986 12.5724 0.882313 0.470629 -0.00555996 22.8038 -0.0082736 0.02732 0.999592 0.714854
0.469876 -0.882296 0.0277465 13.027 0.882652 0.470026 -0.00125694 23.6569 -0.0119326 0.0250811 0.999614 0.677739
0.4686 -0.883002 0.0268703 13.4751 0.883315 0.46878 0.000451791 24.5782 -0.0129952 0.0235232 0.999639 0.686693
0.467621 -0.883334 0.0324306 13.9659 0.883793 0.467878 0.000369982 25.4528 -0.0155004 0.0284889 0.999474 0.651576
0.46728 -0.883521 0.0322392 14.4171 0.883926 0.467615 0.00331792 26.3386 -0.018007 0.0269467 0.999475 0.655427
0.467352 -0.883402 0.0343898 14.8745 0.883825 0.467786 0.00541022 27.2118 -0.0208665 0.0278661 0.999394 0.637661
0.466937 -0.883711 0.032001 15.35 0.884048 0.467351 0.00651299 28.1209 -0.0207113 0.0252492 0.999467 0.618218
0.467285 -0.883488 0.0330647 15.8277 0.883892 0.467669 0.00455644 29.0185 -0.0194889 0.0270965 0.999443 0.617457
0.467029 -0.883763 0.029105 16.2686 0.884081 0.467319 0.00367262 29.8938 -0.0168471 0.024016 0.99957 0.619895
0.466644 -0.883982 0.0286184 16.7236 0.884293 0.46692 0.00346843 30.775 -0.0164285 0.0236885 0.999584 0.600126
0.465662 -0.884394 0.0317188 17.1698 0.884787 0.465984 0.00320431 31.6143 -0.0176143 0.0265723 0.999492 0.569446
0.464654 -0.884859 0.033475 17.6204 0.885302 0.465006 0.00316743 32.4737 -0.0183688 0.0281637 0.999435 0.560009
0.464224 -0.885019 0.0351649 18.067 0.885548 0.464546 0.00113265 33.3658 -0.0173381 0.0306144 0.999381 0.581885
0.463971 -0.885347 0.0298505 18.5401 0.885765 0.464131 -0.00175475 34.2396 -0.012301 0.0272546 0.999553 0.570769
0.4641 -0.885426 0.0251479 19.0047 0.885726 0.464204 -0.0018606 35.1519 -0.0100263 0.0231376 0.999682 0.602863
0.463285 -0.885885 0.0239835 19.4334 0.886125 0.463445 0.00129389 35.9956 -0.0122613 0.0206529 0.999712 0.589754
0.46337 -0.885685 0.0291713 19.8704 0.886026 0.463629 0.00241525 36.8334 -0.0156638 0.0247274 0.999572 0.589465
0.4631 -0.885771 0.0307854 20.311 0.886134 0.463415 0.00361452 37.6836 -0.017468 0.0256061 0.999519 0.590537
0.463227 -0.885685 0.0313401 20.7744 0.886081 0.463524 0.00254211 38.5666 -0.0167784 0.0265923 0.999506 0.594162
0.462998 -0.885722 0.0335923 21.231 0.886239 0.463227 -0.00109047 39.433 -0.014595 0.0302757 0.999435 0.607525
0.461833 -0.886384 0.0321431 21.6437 0.88685 0.462057 -0.000495057 40.2474 -0.0144132 0.0287348 0.999483 0.599377
0.461795 -0.886357 0.0334092 22.0927 0.886792 0.462155 0.00354297 41.1016 -0.0185806 0.0279909 0.999435 0.597772
0.460833 -0.886782 0.0353629 22.5745 0.887194 0.461338 0.00729828 41.9881 -0.0227862 0.0280105 0.999348 0.604032
0.459945 -0.887133 0.0380218 22.9733 0.887548 0.460601 0.0102812 42.7849 -0.0266337 0.0290174 0.999224 0.57429
0.458713 -0.887736 0.0388309 23.3854 0.88824 0.459314 0.00776832 43.5987 -0.0247318 0.0309278 0.999216 0.54413
0.457816 -0.888327 0.0357746 23.837 0.888894 0.458112 9.40277e-05 44.4533 -0.0164723 0.0317568 0.99936 0.557273
0.456404 -0.889168 0.0327939 24.2644 0.889707 0.456508 -0.00466753 45.3342 -0.0108205 0.0313073 0.999451 0.558221
0.45598 -0.889642 0.0248787 24.665 0.889919 0.456118 -0.00016369 46.1293 -0.011202 0.0222147 0.99969 0.545591
0.455242 -0.890088 0.0223155 25.0302 0.890273 0.455416 0.0031677 46.8975 -0.0129824 0.0184248 0.999746 0.570608
0.454051 -0.890709 0.0218249 25.4346 0.890866 0.454244 0.00460314 47.6954 -0.0140139 0.017353 0.999751 0.580271
0.452843 -0.891262 0.0241901 25.8111 0.891479 0.453048 0.00350411 48.4351 -0.0140824 0.0199782 0.999701 0.580583
0.451581 -0.891905 0.0240843 26.2077 0.892101 0.45181 0.00479572 49.2374 -0.0151588 0.01932 0.999698 0.586081
0.450622 -0.892425 0.0227664 26.582 0.892581 0.45085 0.00586179 50.0022 -0.0154955 0.0176794 0.999724 0.57833
0.449308 -0.893025 0.0250908 26.9462 0.893242 0.449551 0.00474913 50.7325 -0.0155207 0.0202784 0.999674 0.584489
0.44801 -0.8936 0.0276699 27.3355 0.893879 0.448287 0.00441467 51.4884 -0.016349 0.0227557 0.999607 0.560866
0.446647 -0.894363 0.0249466 27.6962 0.894504 0.446969 0.0090011 52.2335 -0.0192006 0.0182946 0.999648 0.546338
0.445125 -0.89507 0.0267008 28.0436 0.895186 0.445535 0.0118434 52.9451 -0.0224968 0.0186304 0.999573 0.540509
0.44435 -0.895437 0.0273229 28.3814 0.895498 0.444826 0.014608 53.6472 -0.0252345 0.0179765 0.99952 0.532164
0.44358 -0.895846 0.0263805 28.7055 0.895932 0.444003 0.0129047 54.2874 -0.0232736 0.0179109 0.999569 0.525343
0.442008 -0.896689 0.0240443 29.0076 0.896869 0.442256 0.00593693 54.9443 -0.0159573 0.0189404 0.999693 0.530945
0.441191 -0.897202 0.0194786 29.3364 0.897367 0.441285 0.000578425 55.6453 -0.00911457 0.0172243 0.99981 0.532862
0.440819 -0.897517 0.0118883 29.6226 0.897565 0.440875 0.0023989 56.2599 -0.00739432 0.00961308 0.999926 0.543253
0.440219 -0.897856 0.00784857 29.92 0.897839 0.440271 0.00684441 56.846 -0.00960079 0.00403371 0.999946 0.556568
0.438679 -0.898545 0.0133519 30.1866 0.89855 0.4388 0.00794847 57.4498 -0.0130009 0.00851053 0.999879 0.546437
0.438019 -0.898875 0.0127523 30.4867 0.8989 0.438114 0.00590789 58.0137 -0.0108974 0.00887531 0.999901 0.551923
0.437966 -0.898829 0.0171123 30.7489 0.898972 0.438003 -0.00176341 58.5687 -0.00591022 0.0161558 0.999852 0.558757
0.439024 -0.898316 0.0169113 31.008 0.898475 0.438971 -0.00690403 59.0966 -0.00122157 0.0182254 0.999833 0.555142
0.441246 -0.897265 0.0147314 31.2697 0.897386 0.441188 -0.00715569 59.6105 -7.87526e-05 0.0163771 0.999866 0.575196
0.445594 -0.89517 0.0107904 31.5057 0.895232 0.445592 -0.00270883 60.1061 -0.00238325 0.0108669 0.999938 0.560933
0.449514 -0.89318 0.0128908 31.7547 0.893255 0.449549 -0.00013669 60.6086 -0.00567298 0.0115763 0.999917 0.573948
0.454579 -0.89052 0.0182062 31.9902 0.890651 0.454683 0.00183948 61.079 -0.00991616 0.0153792 0.999833 0.592166
0.461088 -0.887051 0.0231976 32.2592 0.88725 0.461277 0.00326369 61.5539 -0.0135956 0.0190772 0.999726 0.612356
0.470475 -0.882032 0.0259291 32.5015 0.882286 0.470703 0.00316242 62.0312 -0.0149943 0.021389 0.999659 0.616931
0.482904 -0.875393 0.0221369 32.7587 0.875544 0.483112 0.00494587 62.4935 -0.0150242 0.0169935 0.999743 0.61411
0.501117 -0.865221 0.0165435 32.9254 0.865249 0.501282 0.00775191 62.8893 -0.0150001 0.0104296 0.999833 0.635537
0.520631 -0.853625 0.0163614 33.2101 0.853616 0.520812 0.00975812 63.3445 -0.016851 0.00888594 0.999819 0.614924
0.541394 -0.840501 0.0212004 33.469 0.840568 0.541644 0.00818837 63.7353 -0.0183654 0.0133873 0.999742 0.605171
0.564653 -0.824973 0.0242435 33.7554 0.825048 0.564983 0.0094634 64.1097 -0.0215042 0.0146585 0.999661 0.599384
0.592507 -0.805161 0.0255144 34.0035 0.805175 0.592909 0.0123769 64.4326 -0.0250931 0.0132101 0.999598 0.590724
0.627346 -0.778319 0.0256202 34.1104 0.778322 0.627748 0.0121519 64.7554 -0.0255411 0.0123173 0.999598 0.578971
0.659817 -0.750935 0.027171 34.379 0.750935 0.660261 0.0122844 65.0358 -0.0271647 0.0122983 0.999555 0.584987
