0.478683 -0.87775 0.0204598 0.683951 0.877971 0.478688 -0.00496788 0.553054 -0.0054333 0.0203412 0.999778 0.788652
0.478097 -0.878149 0.0166608 1.10851 0.878304 0.478062 -0.00623288 1.34033 -0.00249152 0.0176132 0.999842 0.796951
0.47604 -0.879328 0.0129735 1.52665 0.879422 0.476016 -0.00511294 2.12114 -0.00167966 0.0138432 0.999903 0.794634
0.475446 -0.879661 0.0121395 1.93357 0.879743 0.475427 -0.00463214 2.90299 -0.00169675 0.012882 0.999916 0.794817
0.473939 -0.880475 0.0120901 2.36992 0.880554 0.473931 -0.00363734 3.71027 -0.0025273 0.0123699 0.99992 0.799901
0.472817 -0.88106 0.0133319 2.7865 0.881151 0.472827 -0.00258722 4.51499 -0.00402419 0.0129707 0.999908 0.801473
0.471811 -0.881594 0.0136214 3.22271 0.881689 0.471826 -0.00230006 5.32389 -0.00439923 0.0130951 0.999905 0.811826
0.470271 -0.88242 0.013435 3.6406 0.882515 0.470273 -0.00315288 6.12493 -0.00353593 0.0133393 0.999905 0.811092
0.469266 -0.882948 0.0139057 4.07479 0.88305 0.469265 -0.00347397 6.95381 -0.00345812 0.0139096 0.999897 0.812079
0.468807 -0.883186 0.014218 4.50665 0.883286 0.46883 -0.00188054 7.77261 -0.00500494 0.0134401 0.999897 0.815913
0.468684 -0.883254 0.0140775 4.93474 0.883331 0.468748 0.00145983 8.59251 -0.00788818 0.0117509 0.9999 0.817088
0.469371 -0.882868 0.0153065 5.37358 0.882922 0.469491 0.00526045 9.4329 -0.0118306 0.0110453 0.999869 0.817374
0.470913 -0.881992 0.0182107 5.82311 0.882063 0.471086 0.00651024 10.2648 -0.0143208 0.0129973 0.999813 0.814278
0.471794 -0.881484 0.019927 6.26004 0.881576 0.471994 0.00668332 11.0948 -0.0152967 0.0144141 0.999779 0.810511
0.473589 -0.880503 0.0206631 6.70818 0.880642 0.473764 0.00426454 11.9324 -0.0135444 0.0161772 0.999777 0.804922
0.474485 -0.880066 0.0186265 7.14973 0.880214 0.474577 0.000587989 12.7778 -0.00935717 0.0161163 0.999826 0.800617
0.475817 -0.879407 0.0155235 7.61052 0.879521 0.47586 -0.00107593 13.6278 -0.00644082 0.0141652 0.999879 0.793573
0.476311 -0.879164 0.0141227 8.07222 0.879248 0.476364 0.00047192 14.4864 -0.00714244 0.0121926 0.9999 0.797561
0.47623 -0.879163 0.0166317 8.52918 0.879244 0.476354 0.00422099 15.3337 -0.0116335 0.0126132 0.999853 0.791246
0.476047 -0.879073 0.0246852 9.008 0.879306 0.476249 0.00269822 16.2183 -0.0141282 0.0204213 0.999692 0.728269
0.474771 -0.879473 0.0334672 9.48587 0.879994 0.47498 -0.00188873 17.0873 -0.0142352 0.0303476 0.999438 0.714682
0.473969 -0.879939 0.0325746 9.94709 0.880467 0.474085 -0.00454253 17.9529 -0.011446 0.0308339 0.999459 0.724094
0.47195 -0.881165 0.0284767 10.4175 0.881592 0.471966 -0.00656369 18.8191 -0.00765637 0.0282026 0.999573 0.734089
0.470859 -0.881804 0.0267145 10.8807 0.882175 0.470889 -0.00554439 19.6978 -0.00769052 0.0261775 0.999628 0.742886
0.469762 -0.882525 0.0217613 11.3368 0.882756 0.469826 -0.00238443 20.5342 -0.00811972 0.0203301 0.99976 0.750509
0.468547 -0.88308 0.0251523 11.7794 0.883386 0.46864 -0.00244811 21.4387 -0.00962551 0.0233663 0.999681 0.724981
0.467409 -0.883763 0.0221747 12.2606 0.883974 0.467536 0.000656791 22.3679 -0.0109479 0.0192948 0.999754 0.727561
0.466498 -0.884199 0.023901 12.744 0.884422 0.466682 0.00245969 23.2737 -0.013329 0.0199911 0.999711 0.705113
0.46607 -0.884368 0.0259353 13.2053 0.884603 0.466324 0.00446064 24.1731 -0.0160391 0.0208634 0.999654 0.696279
0.466376 -0.884175 0.0269825 13.6606 0.88438 0.46671 0.00739075 25.0539 -0.0191277 0.0204159 0.999609 0.681767
0.465553 -0.884566 0.0283407 14.1102 0.88482 0.46589 0.00634188 25.9399 -0.0188135 0.022124 0.999578 0.657662
0.465719 -0.884467 0.028708 14.5856 0.884774 0.466005 0.00381684 26.8216 -0.0167539 0.0236225 0.999581 0.6623
0.466164 -0.884291 0.0268381 15.0571 0.884568 0.466402 0.00300886 27.7114 -0.015178 0.0223375 0.999635 0.654002
0.465302 -0.884856 0.0229018 15.4872 0.885031 0.465511 0.00453057 28.5632 -0.01467 0.0181607 0.999727 0.636224
0.464382 -0.885283 0.0249633 15.9308 0.885499 0.46462 0.00444192 29.4197 -0.0155308 0.0200422 0.999678 0.64369
0.463652 -0.885636 0.0260042 16.3831 0.885875 0.463904 0.00434313 30.3179 -0.0159099 0.0210227 0.999652 0.645727
0.463228 -0.885716 0.0304432 16.8326 0.88612 0.463455 0.000450315 31.1636 -0.0145079 0.0267677 0.999536 0.637835
0.462777 -0.886039 0.0277861 17.284 0.886406 0.462903 -0.00209476 32.0303 -0.0110062 0.0255992 0.999612 0.631598
0.462903 -0.886136 0.0220093 17.7554 0.886369 0.462975 -0.00197963 32.9172 -0.00843554 0.0204247 0.999756 0.644317
0.462921 -0.886173 0.0200288 18.1918 0.886336 0.463039 0.00146472 33.7833 -0.0105721 0.0170742 0.999798 0.639105
0.462522 -0.886306 0.0231302 18.6498 0.886504 0.462709 0.0032339 34.6299 -0.0135688 0.0190092 0.999727 0.64333
0.461967 -0.886567 0.0241854 19.0866 0.886771 0.462189 0.00424132 35.4955 -0.0149384 0.0194875 0.999699 0.658179
0.462504 -0.886295 0.0238838 19.5309 0.886527 0.462673 0.00179755 36.3546 -0.0126436 0.0203423 0.999713 0.666307
0.462042 -0.886432 0.027485 19.9475 0.886767 0.462217 3.94412e-05 37.1663 -0.012739 0.0243546 0.999622 0.646712
0.461653 -0.886677 0.0260961 20.3905 0.886959 0.461846 0.00156592 38.0315 -0.0134409 0.0224233 0.999658 0.644552
0.45986 -0.887529 0.0286656 20.8535 0.88783 0.460152 0.00418862 38.9124 -0.016908 0.023524 0.99958 0.647782
0.459247 -0.887662 0.0338984 21.2979 0.888056 0.459692 0.00630337 39.7737 -0.0211781 0.0272089 0.999405 0.625666
0.458537 -0.887968 0.0354668 21.7295 0.88832 0.459117 0.00996509 40.6204 -0.0251321 0.0269365 0.999321 0.59724
0.457901 -0.888222 0.0372692 22.1388 0.888706 0.458429 0.00662878 41.4339 -0.0229731 0.0300861 0.999283 0.585302
0.457162 -0.888688 0.0351661 22.5653 0.889247 0.457427 -0.00058266 42.2639 -0.0155681 0.0315377 0.999381 0.604564
0.456091 -0.889425 0.0300634 22.9737 0.889876 0.456183 -0.00411519 43.085 -0.0100543 0.0286296 0.999539 0.601477
0.4551 -0.890115 0.0240791 23.3745 0.890382 0.455214 -0.000815368 43.9034 -0.0102354 0.0218106 0.99971 0.590641
0.45456 -0.890463 0.0212517 23.7711 0.890637 0.454708 0.00247318 44.7116 -0.0118656 0.0178033 0.999771 0.579596
0.45357 -0.890966 0.0212803 24.189 0.89112 0.453749 0.00419702 45.4949 -0.0133953 0.0170596 0.999765 0.600377
0.452886 -0.891258 0.0235311 24.5556 0.891475 0.453063 0.00248497 46.2466 -0.0128758 0.019852 0.99972 0.602619
0.451059 -0.892214 0.0223515 24.9543 0.892384 0.451256 0.0044236 47.0535 -0.014033 0.0179508 0.99974 0.583968
0.450147 -0.89273 0.0200117 25.3581 0.892836 0.45034 0.00624543 47.811 -0.0145875 0.0150558 0.99978 0.593048
0.44859 -0.893511 0.0201113 25.7138 0.893609 0.448794 0.00686326 48.5469 -0.0151582 0.0148929 0.999774 0.58893
0.447542 -0.894042 0.0198882 26.0813 0.89411 0.447766 0.00856569 49.2977 -0.0165633 0.0139487 0.999766 0.559043
0.446135 -0.894768 0.018825 26.4462 0.89477 0.446379 0.0115099 50.0474 -0.0187018 0.0117091 0.999757 0.561987
0.44506 -0.895255 0.0209706 26.7949 0.895228 0.44538 0.0142366 50.7802 -0.0220853 0.0124374 0.999679 0.553648
0.442935 -0.896298 0.0213913 27.1093 0.896222 0.443294 0.0166155 51.4162 -0.0243751 0.0118118 0.999633 0.554579
0.441809 -0.896894 0.0196675 27.418 0.896836 0.442109 0.0149846 52.0515 -0.0221348 0.0110181 0.999694 0.5746
0.441195 -0.897239 0.0175666 27.7526 0.897286 0.441376 0.00804235 52.7803 -0.0149694 0.0122141 0.999813 0.5633
0.440247 -0.897804 0.011407 28.059 0.897837 0.440311 0.00379004 53.399 -0.00842536 0.00857311 0.999928 0.589839
0.439758 -0.898088 0.00708923 28.3732 0.898092 0.439791 0.00386195 54.028 -0.00658615 0.00466845 0.999967 0.579333
0.439581 -0.898189 0.0049559 28.6556 0.89816 0.439607 0.00736927 54.6521 -0.00879765 0.0012118 0.999961 0.596341
0.438529 -0.89868 0.00816518 28.9481 0.898643 0.438591 0.00887273 55.2653 -0.0115549 0.00344664 0.999927 0.58943
0.437179 -0.899324 0.00953818 29.2072 0.899324 0.437242 0.00595506 55.7861 -0.00952603 0.00597449 0.999937 0.59148
0.43772 -0.899006 0.0137796 29.4765 0.899096 0.43775 -0.00090623 56.3349 -0.00521731 0.0127859 0.999905 0.583883
0.438478 -0.898633 0.0140055 29.7348 0.898742 0.438431 -0.00642208 56.8929 -0.000369362 0.0154033 0.999881 0.598536
0.441368 -0.897261 0.0108012 30.0135 0.897326 0.441329 -0.00591298 57.4531 0.000538597 0.012302 0.999924 0.599801
0.44515 -0.895442 0.00490845 30.2404 0.895453 0.445155 -3.24044e-05 57.9486 -0.00215601 0.00440971 0.999988 0.594024
0.448999 -0.893523 0.00407966 30.504 0.893517 0.449013 0.00378143 58.4382 -0.00521061 0.00194739 0.999985 0.597322
0.453793 -0.891078 0.00724062 30.7542 0.891064 0.453836 0.0061552 58.9405 -0.00877082 0.00365867 0.999955 0.609912
0.461387 -0.88709 0.0138957 31.0112 0.887112 0.461505 0.00678484 59.4061 -0.0124317 0.0091966 0.99988 0.631099
0.469878 -0.882578 0.0164379 31.2519 0.882621 0.470032 0.00707063 59.8514 -0.0139667 0.0111861 0.99984 0.648877
0.481814 -0.876188 0.0122238 31.5077 0.87616 0.481929 0.00935057 60.2977 -0.0140839 0.00620478 0.999882 0.661611
0.498371 -0.866934 0.00718769 31.7251 0.866839 0.498423 0.0128147 60.6951 -0.014692 -0.000155906 0.999892 0.639329
0.518246 -0.8552 0.00737127 31.9513 0.855096 0.518298 0.013372 61.1139 -0.0152563 -0.000626866 0.999883 0.634296
0.540111 -0.841514 0.0116023 32.1934 0.841432 0.540227 0.0121729 61.5025 -0.0165115 0.0031878 0.999859 0.631439
0.564274 -0.825452 0.0149403 32.4806 0.825349 0.564454 0.0137926 61.8856 -0.0198183 0.00454819 0.999793 0.641412
0.590419 -0.806951 0.0153699 32.7518 0.80678 0.590614 0.0167789 62.2162 -0.0226175 0.00249353 0.999741 0.631499
0.618862 -0.785379 0.0137939 33.0769 0.785174 0.619015 0.0179504 62.5164 -0.0226365 -0.00027821 0.999744 0.639483
0.653809 -0.756481 0.0164458 33.2508 0.756286 0.654015 0.0172203 62.8172 -0.0237826 0.0011789 0.999716 0.625384
0.689535 -0.724048 0.0172031 33.5137 0.723851 0.689749 0.0169138 63.1481 -0.0241123 0.000789816 0.999709 0.618124
0.724231 -0.689371 0.0160298 33.8086 0.689153 0.724407 0.0173937 63.4535 -0.0236028 -0.00155011 0.99972 0.611825
0.761138 -0.648425 0.014599 34.1483 0.648226 0.761272 0.0163363 63.6873 -0.0217066 -0.00297073 0.99976 0.615538
0.797433 -0.603252 0.0136685 34.4126 0.603063 0.797539 0.0156841 63.8817 -0.0203626 -0.00426403 0.999784 0.609395
0.83307 -0.552997 0.0137562 34.7419 0.552795 0.833164 0.0159851 64.0836 -0.0203009 -0.00571234 0.999778 0.592766
0.868239 -0.495992 0.0123671 35.0596 0.49581 0.868299 0.0151442 64.2775 -0.0182497 -0.00701705 0.999809 0.574048
0.898868 -0.438026 0.0130506 35.41 0.437883 0.898946 0.0124275 64.4985 -0.0171753 -0.00545608 0.999838 0.582555
0.925289 -0.379015 0.0137074 35.7678 0.378881 0.925375 0.0113843 64.6187 -0.0169993 -0.00534028 0.999841 0.597734
0.947671 -0.318855 0.0158403 36.1439 0.318685 0.94778 0.0123877 64.7055 -0.018963 -0.00669141 0.999798 0.594892
0.965926 -0.258199 0.0178732 36.5172 0.257974 0.966051 0.0139593 64.7587 -0.0208707 -0.00887279 0.999743 0.590623
0.979999 -0.198157 0.0183035 36.9017 0.197898 0.980107 0.0150282 64.7935 -0.0209173 -0.0111054 0.99972 0.56815
0.990235 -0.138282 0.0176765 37.2796 0.138073 0.990342 0.0125685 64.8059 -0.0192438 -0.0100051 0.999765 0.556373
0.996649 -0.0797825 0.0180196 37.6505 0.0796705 0.996798 0.0068528 64.8181 -0.0185086 -0.00539421 0.999814 0.599639
0.999569 -0.0226104 0.0187285 38.0255 0.0224647 0.999716 0.00795517 64.8448 -0.0189031 -0.00753102 0.999793 0.599699
0.999337 0.0317884 0.0177185 38.4222 -0.0320085 0.999412 0.0122808 64.8101 -0.0173177 -0.0128398 0.999768 0.586862
0.996265 0.0846621 0.0170041 38.7936 -0.0849162 0.996278 0.0148238 64.7785 -0.0156858 -0.0162123 0.999745 0.570595
0.991125 0.13209 0.014926 39.1774 -0.132204 0.991198 0.00692276 64.7795 -0.0138802 -0.00883461 0.999865 0.543844
0.984427 0.175199 0.0144759 39.5432 -0.175123 0.984526 -0.00640633 64.6664 -0.0153743 0.0037715 0.999875 0.558987
0.976981 0.212707 0.0162379 39.9385 -0.212553 0.977091 -0.0107228 64.5723 -0.0181467 0.00702457 0.999811 0.562579
0.968899 0.246955 0.0157731 40.3127 -0.24685 0.969018 -0.00829319 64.4538 -0.0173325 0.00414167 0.999841 0.612407
0.960569 0.277661 0.0145296 40.6891 -0.277723 0.960658 0.00233537 64.375 -0.0133095 -0.00627847 0.999892 0.628119
0.951817 0.306398 0.0128289 41.109 -0.306515 0.951829 0.00833377 64.294 -0.00965744 -0.0118645 0.999883 0.606603
0.943354 0.331631 0.010205 41.478 -0.331716 0.943344 0.0082172 64.1794 -0.00690175 -0.0111369 0.999914 0.590483
0.935163 0.354178 0.0053643 41.8754 -0.354194 0.935169 0.00244796 64.0275 -0.00414952 -0.00418924 0.999983 0.563428
0.927298 0.374321 -0.00158817 42.261 -0.374322 0.927298 -0.00082743 63.8075 0.00116298 0.00136176 0.999998 0.55938
0.919688 0.392584 -0.00723059 42.6464 -0.392595 0.919712 -2.40875e-05 63.6082 0.0066406 0.00286084 0.999974 0.554261
0.912754 0.408445 -0.00720653 43.0606 -0.408429 0.912783 0.00368981 63.4382 0.00808508 -0.000424537 0.999967 0.577138
0.906295 0.422642 -0.00180879 43.4955 -0.42263 0.90629 0.00478542 63.2773 0.00366181 -0.00357256 0.999987 0.563592
0.899771 0.43636 0.00151268 43.9167 -0.436363 0.899761 0.00414981 63.0926 0.000449762 -0.00439395 0.99999 0.575731
0.893825 0.448409 0.00259772 44.3596 -0.448413 0.893825 0.00146261 62.8548 -0.00166606 -0.00247216 0.999996 0.567347
0.888721 0.458448 0.000520446 44.809 -0.458443 0.888716 -0.00368836 62.6169 -0.00215345 0.00303933 0.999993 0.562971
0.883704 0.468044 -0.00140165 45.2639 -0.468045 0.883692 -0.00469268 62.3704 -0.000957754 0.00480297 0.999988 0.569798
0.879805 0.475331 -0.0018361 45.7383 -0.475334 0.879795 -0.00430066 62.1185 -0.000428849 0.0046565 0.999989 0.560387
0.877199 0.48011 -0.00397096 46.2241 -0.480126 0.877163 -0.00798644 61.8399 -0.000351191 0.00891226 0.99996 0.566149
0.874821 0.48443 -0.00401966 46.6921 -0.484446 0.874794 -0.00689517 61.587 0.000176149 0.00797935 0.999968 0.56839
0.871763 0.489916 -0.00330536 47.1887 -0.489927 0.871748 -0.00517244 61.319 0.000347382 0.00612853 0.999981 0.579944
0.86929 0.49429 -0.00339544 47.713 -0.494301 0.869278 -0.00462722 61.0017 0.00066439 0.00570076 0.999983 0.572294
0.86796 0.496617 -0.00411751 48.2474 -0.496634 0.867935 -0.00660593 60.6853 0.000293116 0.00777858 0.99997 0.571456
0.866953 0.498373 -0.00413792 48.7852 -0.49839 0.866932 -0.00608153 60.3653 0.000556428 0.0073347 0.999973 0.570797
0.865551 0.500804 -0.00422027 49.3538 -0.500821 0.865516 -0.007749 60.0201 -0.000228021 0.00882075 0.999961 0.570114
0.865205 0.50138 -0.00618435 49.9257 -0.501418 0.86514 -0.0106305 59.6684 2.03997e-05 0.0122985 0.999924 0.571558
0.865476 0.500908 -0.00653468 50.5261 -0.500951 0.865397 -0.0116805 59.3088 -0.000195748 0.0133827 0.99991 0.572296
0.866848 0.498498 -0.00862701 51.1555 -0.498573 0.866725 -0.0146053 58.9262 0.000196533 0.0169618 0.999856 0.566297
0.868622 0.495355 -0.010892 51.7842 -0.495475 0.868419 -0.018806 58.578 0.00014313 0.021732 0.999764 0.576251
0.870445 0.492146 -0.0108262 52.4332 -0.492265 0.870223 -0.0196796 58.2271 -0.000264003 0.0224594 0.999748 0.588664
0.872443 0.488632 -0.00908412 53.0872 -0.488714 0.872232 -0.0192003 57.885 -0.00145844 0.0211907 0.999774 0.569925
0.874469 0.484953 -0.0111295 53.8327 -0.485078 0.874162 -0.0232232 57.4973 -0.0015332 0.0257066 0.999668 0.593757
0.877033 0.480342 -0.00921807 54.4706 -0.480424 0.876769 -0.0216531 57.1657 -0.00231879 0.0234191 0.999723 0.581549
0.878726 0.477294 -0.00550079 55.2051 -0.477312 0.878555 -0.0177622 56.7923 -0.00364503 0.0182337 0.999827 0.578731
0.880768 0.473487 -0.00763632 55.8778 -0.473531 0.880485 -0.0226642 56.392 -0.00400754 0.0235779 0.999714 0.594978
0.882141 0.470871 -0.0103811 56.6154 -0.470985 0.881898 -0.02071 56.0429 -0.000596611 0.0231585 0.999732 0.612169
0.882565 0.470076 -0.0103385 57.3604 -0.470179 0.88248 -0.0126852 55.6654 0.00316048 0.0160565 0.999866 0.604539
0.882903 0.469444 -0.0102719 58.0732 -0.469519 0.882897 -0.00668994 55.2653 0.00592847 0.0107294 0.999925 0.609262
0.882719 0.469852 -0.0068185 58.8278 -0.469866 0.882737 -0.000662855 54.8881 0.0057075 0.0037889 0.999977 0.607113
0.882526 0.470225 -0.00603139 59.5522 -0.470242 0.882536 -0.00173884 54.4876 0.00450527 0.00437079 0.99998 0.622043
0.88279 0.469749 -0.00411205 60.2453 -0.469759 0.882793 -0.00165533 54.1085 0.0028525 0.00339298 0.99999 0.61146
0.882629 0.470026 -0.00651088 61.0064 -0.470064 0.882607 -0.006648 53.7652 0.00262181 0.00892824 0.999957 0.647464
0.882703 0.469913 -0.00404178 61.7286 -0.469926 0.8827 -0.00310371 53.3857 0.00210921 0.00463899 0.999987 0.653012
0.882838 0.469662 -0.00373378 62.427 -0.469669 0.882842 -0.000965437 53.0143 0.00284291 0.00260596 0.999993 0.651321
0.882054 0.471127 -0.0045134 63.1548 -0.471129 0.882064 0.000701571 52.637 0.00431164 0.00150757 0.99999 0.680622
0.88127 0.4726 -0.00362387 63.8898 -0.472593 0.881277 0.00260748 52.2575 0.00442592 -0.000585277 0.99999 0.685459
0.879431 0.476026 0.00085601 64.5834 -0.47602 0.879408 0.0069047 51.881 0.00253403 -0.00647968 0.999976 0.688106
0.877531 0.479517 0.00165859 65.3522 -0.47952 0.877522 0.00385036 51.4988 0.000390864 -0.00417413 0.999991 0.707159
0.874986 0.484135 0.00352707 66.0442 -0.484147 0.874976 0.00438463 51.1198 -0.000963347 -0.00554411 0.999984 0.727754
0.870419 0.49226 0.00710878 66.7907 -0.492307 0.87038 0.00853784 50.7121 -0.0019845 -0.0109312 0.999938 0.751015
0.866447 0.499228 0.0064479 67.4874 -0.499267 0.866409 0.00825227 50.2856 -0.00146676 -0.0103694 0.999945 0.744997
0.861032 0.508515 0.00605475 68.1661 -0.508549 0.860996 0.00797979 49.9015 -0.00115528 -0.00995 0.99995 0.759397
0.855871 0.517146 0.00676642 68.8599 -0.517185 0.855846 0.00681943 49.5075 -0.00226438 -0.00933604 0.999954 0.744353
0.850385 0.526092 0.00844007 69.5336 -0.526154 0.850346 0.00861642 49.1314 -0.00264394 -0.0117681 0.999927 0.771308
0.844472 0.535511 0.00979161 70.2357 -0.535588 0.844436 0.00857793 48.6605 -0.00367481 -0.0124881 0.999915 0.760224
0.83802 0.545549 0.00996803 70.9121 -0.545626 0.83799 0.00809683 48.1986 -0.00393589 -0.0122241 0.999918 0.749232
0.832178 0.554439 0.0087624 71.5261 -0.554498 0.832155 0.00713831 47.8089 -0.00333392 -0.0107991 0.999936 0.771349
0.825942 0.563703 0.00763972 72.1755 -0.563748 0.825922 0.00637357 47.3679 -0.00271702 -0.00957108 0.99995 0.755144
0.819784 0.572619 0.00781353 72.8244 -0.572667 0.819758 0.00704324 46.9383 -0.0023721 -0.0102485 0.999945 0.760305
0.814466 0.58016 0.00771721 73.4216 -0.58021 0.814422 0.00849679 46.5263 -0.00135556 -0.011398 0.999934 0.739519
0.809326 0.587321 0.00669323 74.019 -0.587358 0.809296 0.00709336 46.0655 -0.00125072 -0.00967216 0.999952 0.754126
0.803439 0.595343 0.00728258 74.6246 -0.595383 0.803421 0.00589033 45.6315 -0.00234421 -0.00906844 0.999956 0.751741
0.798015 0.60261 0.00570881 75.222 -0.602629 0.798018 0.00245916 45.1726 -0.00307382 -0.00540274 0.999981 0.778095
0.793641 0.608352 0.00649346 75.8482 -0.608372 0.79365 0.00159747 44.706 -0.00418171 -0.00521826 0.999978 0.791889
0.791425 0.611209 0.00831109 76.3672 -0.611241 0.791443 0.00174579 44.3135 -0.00551071 -0.00646174 0.999964 0.797097
0.788389 0.615104 0.00947381 76.9948 -0.615135 0.788422 0.000366584 43.791 -0.00724387 -0.00611668 0.999955 0.808078
0.787273 0.616532 0.00944242 77.491 -0.61656 0.787308 9.59712e-05 43.4033 -0.00737492 -0.00589738 0.999955 0.815726
0.786194 0.617895 0.0102281 78.0483 -0.617923 0.786238 -0.000476405 42.9491 -0.00833608 -0.00594563 0.999948 0.808723
0.785247 0.61912 0.00884439 78.596 -0.61913 0.785286 -0.00192139 42.5502 -0.00813495 -0.00396706 0.999959 0.796007
0.785828 0.618437 0.00321448 79.1135 -0.618415 0.78583 -0.00580117 42.1295 -0.00611369 0.00257084 0.999978 0.808659
0.786981 0.616972 0.00238302 79.613 -0.616957 0.786981 -0.00499425 41.7208 -0.00495671 0.00246016 0.999985 0.809314
0.790468 0.612496 0.00307641 80.1352 -0.612489 0.790474 -0.00285978 41.3491 -0.00418343 0.000376299 0.999991 0.822539
0.795782 0.605581 0.00162759 80.6048 -0.605571 0.795781 -0.00410729 40.9938 -0.0037825 0.00228289 0.99999 0.801317
0.802193 0.597058 0.0028266 81.0705 -0.597048 0.802197 -0.00364803 40.6292 -0.00444558 0.00123881 0.999989 0.821489
0.810214 0.58613 0.00218933 81.5549 -0.586124 0.810216 -0.00300225 40.3123 -0.00353354 0.00114925 0.999993 0.836013
0.820674 0.571393 0.00189936 81.9638 -0.571392 0.820677 -0.00107074 40.0062 -0.00217058 -0.000206553 0.999998 0.807563
0.832027 0.554735 -0.000202743 82.4597 -0.554734 0.832027 0.00125304 39.6813 0.000863793 -0.000930095 0.999999 0.808714
0.84508 0.534635 -0.00256649 82.9352 -0.53463 0.845083 0.00220075 39.4054 0.00334549 -0.000487684 0.999994 0.805644
0.85981 0.510609 -0.00219837 83.3685 -0.510592 0.859805 0.00565349 39.2181 0.00477689 -0.00373846 0.999982 0.847182
0.875744 0.482757 -0.00428619 83.8377 -0.482738 0.875752 0.00476488 38.9607 0.00605392 -0.00210371 0.999979 0.803988
0.892833 0.450382 -0.0021514 84.344 -0.450372 0.892832 0.00382556 38.7581 0.0036438 -0.00244665 0.99999 0.813693
0.910099 0.414392 1.18335e-05 84.8196 -0.414391 0.910097 0.00168219 38.5913 0.000686317 -0.00153587 0.999999 0.833462
0.926962 0.37515 0.00176512 85.3056 -0.375148 0.926964 -0.00158122 38.4616 -0.00222939 0.000803548 0.999997 0.836727
0.943405 0.331611 0.00458203 85.7799 -0.331608 0.943416 -0.00139852 38.3647 -0.00478652 -0.000200068 0.999989 0.854078
0.958792 0.283937 0.00985969 86.264 -0.28397 0.958831 0.0020438 38.2798 -0.00887346 -0.00475943 0.999949 0.864553
0.972644 0.231969 0.0124164 86.7477 -0.232044 0.972693 0.0049188 38.184 -0.0109364 -0.0076654 0.999911 0.859068
0.985161 0.171387 0.00919869 87.264 -0.171423 0.985192 0.00331426 38.1756 -0.00849445 -0.00484195 0.999952 0.854956
0.99438 0.105739 0.00523818 87.7796 -0.105749 0.994391 0.00183738 38.153 -0.00501452 -0.00238099 0.999985 0.858927
0.999373 0.0353884 0.00115386 88.2448 -0.0353888 0.999373 0.00038925 38.1852 -0.00113936 -0.000429839 0.999999 0.868348
0.999431 -0.0335428 -0.00340316 88.7145 0.033543 0.999437 -2.95369e-07 38.2161 0.00340126 -0.000113857 0.999994 0.859711
0.994795 -0.101699 -0.00641927 89.1551 0.10171 0.994813 0.00150928 38.3033 0.00623248 -0.00215433 0.999978 0.838058
0.985366 -0.1703 -0.00723991 89.5954 0.170317 0.985387 0.00187765 38.4439 0.00681435 -0.00308325 0.999972 0.821975
0.97107 -0.238686 -0.0072523 90.0507 0.238695 0.971094 0.000338458 38.5752 0.00696189 -0.00205976 0.999974 0.811057
0.952351 -0.304968 -0.00474728 90.5019 0.304961 0.952362 -0.00211709 38.7442 0.00516678 0.000568479 0.999986 0.825165
0.930105 -0.367293 -8.72626e-05 90.8656 0.367293 0.930105 -0.00023117 38.9238 0.000166071 0.000182962 1 0.819454
0.903409 -0.428757 0.00453748 91.3216 0.428751 0.90342 0.00227583 39.1805 -0.00507503 -0.000110558 0.999987 0.844301
0.874519 -0.484906 0.0090535 91.7392 0.484891 0.874566 0.00399754 39.4098 -0.00985631 0.000894031 0.999951 0.83915
0.846221 -0.532704 0.0116476 92.0618 0.532642 0.846301 0.00815366 39.6977 -0.0142009 -0.000695803 0.999899 0.885548
0.817431 -0.575877 0.013124 92.4188 0.575761 0.817534 0.011725 39.9376 -0.0174815 -0.0020281 0.999845 0.894788
0.790515 -0.612362 0.00992917 92.7815 0.612178 0.790547 0.0165658 40.2371 -0.0179937 -0.00701711 0.999813 0.905084
0.767315 -0.641237 0.00659619 93.0971 0.641058 0.767285 0.0178728 40.5501 -0.0165219 -0.00948554 0.999819 0.87986
0.745587 -0.6664 0.00330391 93.4578 0.666221 0.745486 0.0200068 40.8588 -0.0157955 -0.0127157 0.999794 0.826923
0.729495 -0.683974 0.00410254 93.7693 0.68384 0.72945 0.0162785 41.1716 -0.0141267 -0.00906961 0.999859 0.822045
0.717067 -0.696972 0.0066093 94.1026 0.696842 0.717073 0.0147724 41.474 -0.0150353 -0.00598718 0.999869 0.823309
0.708167 -0.706026 0.00512827 94.4421 0.705841 0.708119 0.018878 41.864 -0.0169598 -0.00974901 0.999809 0.822356
0.701159 -0.713004 0.000980051 94.8138 0.712807 0.700996 0.0226098 42.2092 -0.0168079 -0.0151545 0.999744 0.834407
0.697539 -0.716541 -0.00297299 95.1632 0.716367 0.697265 0.0253095 42.619 -0.0160623 -0.0197841 0.999675 0.838598
0.695226 -0.718728 -0.00949646 95.5113 0.718677 0.694819 0.0270354 43.0371 -0.0128328 -0.0256206 0.999589 0.851189
0.695128 -0.718755 -0.0137319 95.855 0.718817 0.69467 0.0271246 43.4148 -0.0099568 -0.0287258 0.999538 0.813869
0.697322 -0.716652 -0.0123473 96.2569 0.716726 0.697024 0.0214684 43.812 -0.00677898 -0.02382 0.999693 0.788952
0.699878 -0.714138 -0.0133343 96.6467 0.71426 0.699702 0.0158331 44.1875 -0.00197702 -0.0206054 0.999786 0.766803
0.703303 -0.710673 -0.0175678 97.0793 0.710884 0.703187 0.0131649 44.6532 0.00299754 -0.0217476 0.999759 0.776048
0.705743 -0.708129 -0.0218957 97.4599 0.708462 0.705526 0.0177474 45.0248 0.00288057 -0.0280374 0.999603 0.791043
0.710776 -0.703039 -0.0230794 97.8846 0.703418 0.710391 0.0234066 45.4988 -6.03795e-05 -0.0328713 0.99946 0.772796
0.713983 -0.699913 -0.018697 98.321 0.700155 0.713596 0.0237438 45.9341 -0.0032765 -0.0300435 0.999543 0.785666
0.716566 -0.697408 -0.0124705 98.7723 0.69746 0.716158 0.0258267 46.363 -0.00908088 -0.0272043 0.999589 0.766875
0.719476 -0.694472 -0.00796015 99.2491 0.694387 0.719072 0.0276156 46.8422 -0.0134543 -0.0253962 0.999587 0.747034
0.721413 -0.692495 -0.00370469 99.7052 0.69237 0.721156 0.0235943 47.2631 -0.0136673 -0.0195863 0.999715 0.734056
0.72152 -0.692392 -0.00146088 100.196 0.692312 0.721402 0.0168272 47.7404 -0.0105971 -0.0131525 0.999857 0.725915
0.721139 -0.692783 -0.00318106 100.673 0.692769 0.721074 0.0111497 48.1926 -0.00543057 -0.0102443 0.999933 0.702191
0.720571 -0.693291 -0.0111469 101.203 0.693381 0.720488 0.0109777 48.7005 0.000420492 -0.0156393 0.999878 0.724048
0.717934 -0.695873 -0.0182093 101.682 0.696097 0.71784 0.0124411 49.1816 0.00441397 -0.0216073 0.999757 0.707905
0.71623 -0.697686 -0.0157461 102.207 0.697863 0.716079 0.0147661 49.6751 0.000973303 -0.0215646 0.999767 0.716478
0.715411 -0.698627 -0.0103206 102.699 0.698686 0.715209 0.0177049 50.1818 -0.00498773 -0.0198772 0.99979 0.690015
0.713717 -0.700415 -0.00516904 103.206 0.70035 0.713498 0.0207339 50.6979 -0.0108342 -0.0184183 0.999772 0.683233
0.712078 -0.70208 -0.00526632 103.744 0.702038 0.711895 0.018652 51.2592 -0.00934611 -0.0169788 0.999812 0.695149
0.711274 -0.702872 -0.00775201 104.26 0.702886 0.711101 0.0169523 51.7901 -0.00640283 -0.0175065 0.999826 0.68177
0.70827 -0.705845 -0.0116879 104.822 0.705941 0.708153 0.012921 52.3491 -0.000843385 -0.0174025 0.999848 0.698626
0.706078 -0.707966 -0.0154052 105.33 0.708131 0.705971 0.0124927 52.8851 0.00203123 -0.0197297 0.999803 0.682584
0.703185 -0.710863 -0.0143258 105.887 0.711007 0.703067 0.0129243 53.4353 0.000884536 -0.0192739 0.999814 0.685427
0.700382 -0.713634 -0.0138585 106.467 0.713768 0.700241 0.0140543 54.0177 -0.00032534 -0.0197351 0.999805 0.659877
0.698987 -0.715048 -0.0111479 107.029 0.715127 0.69882 0.0156214 54.5939 -0.00337967 -0.0188913 0.999816 0.653027
0.698466 -0.715614 -0.006487 107.61 0.715627 0.698358 0.0132348 55.1708 -0.00494078 -0.0138863 0.999891 0.659568
0.697841 -0.716244 -0.00350895 108.205 0.716231 0.697774 0.0111516 55.7655 -0.00553885 -0.0102953 0.999932 0.672597
0.697534 -0.716547 -0.00271216 108.772 0.716515 0.697455 0.0127633 56.3694 -0.00725387 -0.0108461 0.999915 0.651163
0.697829 -0.716238 -0.00609314 109.329 0.71624 0.69771 0.0141617 56.9453 -0.00589192 -0.0142466 0.999881 0.664848
0.698013 -0.715996 -0.0113296 109.928 0.716074 0.697825 0.0166821 57.5809 -0.00403828 -0.0197571 0.999797 0.653007
0.698697 -0.715162 -0.0191261 110.529 0.715409 0.698315 0.0233707 58.2055 -0.00335778 -0.030012 0.999544 0.665226
0.700247 -0.713477 -0.0246084 111.126 0.713894 0.699674 0.0284899 58.8175 -0.003109 -0.0375178 0.999291 0.680974
0.703017 -0.710753 -0.0244197 111.7 0.711156 0.702352 0.0309656 59.4351 -0.00485771 -0.0391355 0.999222 0.665774
0.705943 -0.707863 -0.0239503 112.316 0.708257 0.705337 0.0295189 60.0553 -0.00400225 -0.0378016 0.999277 0.633182
0.70729 -0.706488 -0.0247905 112.914 0.706921 0.706762 0.0273955 60.6912 -0.00183358 -0.0369015 0.999317 0.635192
0.707869 -0.706028 -0.0211239 113.528 0.706344 0.707514 0.0224108 61.3103 -0.000877208 -0.0307846 0.999526 0.650134
0.708514 -0.705536 -0.0150471 114.148 0.705695 0.708306 0.0172286 61.8933 -0.00149739 -0.0228254 0.999738 0.655614
0.708884 -0.70518 -0.0143038 114.76 0.705324 0.708698 0.0162763 62.4852 -0.00134062 -0.0216268 0.999765 0.668899
0.710009 -0.704 -0.0164865 115.369 0.704181 0.709667 0.0224144 63.1185 -0.00407982 -0.0275239 0.999613 0.681432
0.711017 -0.702986 -0.0162791 115.978 0.703136 0.710546 0.0268877 63.7272 -0.00733458 -0.030564 0.999506 0.672858
0.711494 -0.702547 -0.0142695 116.594 0.702581 0.710874 0.0322188 64.3321 -0.0124914 -0.032949 0.999379 0.66778
0.712295 -0.701678 -0.0168539 117.194 0.701829 0.711747 0.02919 64.927 -0.00848631 -0.0326204 0.999432 0.665775
0.712663 -0.70116 -0.0220368 117.77 0.701491 0.712504 0.0157635 65.4881 0.00464861 -0.0266927 0.999633 0.647171
0.712268 -0.701534 -0.0228813 118.36 0.701822 0.712312 0.00759005 66.0769 0.010974 -0.0214648 0.999709 0.669104
0.712497 -0.701426 -0.0187217 118.974 0.701653 0.712432 0.0110992 66.6816 0.0055527 -0.0210443 0.999763 0.678102
0.71286 -0.701247 -0.00914266 119.556 0.70127 0.712629 0.0195 67.2531 -0.007159 -0.0203123 0.999768 0.657124
0.710546 -0.703579 0.0100283 120.169 0.70303 0.710446 0.0318547 67.8732 -0.0295369 -0.015584 0.999442 0.639866
0.709374 -0.704809 0.0057956 120.801 0.704462 0.709243 0.0266017 68.5029 -0.0228596 -0.0147878 0.999629 0.619785
0.709306 -0.704863 -0.00735929 121.35 0.704852 0.709094 0.0192283 69.0657 -0.00833491 -0.018826 0.999788 0.676196
0.708842 -0.705152 -0.0174141 121.944 0.705366 0.708657 0.0162442 69.6734 0.000885946 -0.0237979 0.999716 0.662165
0.707617 -0.70639 -0.0170617 122.519 0.706595 0.707457 0.0151114 70.2412 0.00139588 -0.0227489 0.99974 0.66463
0.705236 -0.708912 -0.00922277 123.103 0.708972 0.705154 0.0108141 70.8104 -0.00116281 -0.0141652 0.999899 0.659631
0.702477 -0.711649 -0.00902179 123.665 0.711705 0.702405 0.0101567 71.4139 -0.000891037 -0.0135557 0.999908 0.664616
0.699434 -0.714641 -0.00889686 124.239 0.714697 0.699391 0.00783157 72.0066 0.000625617 -0.0118362 0.99993 0.672695
0.69711 -0.716888 -0.0104363 124.796 0.716963 0.697063 0.00822743 72.5865 0.00137658 -0.0132178 0.999912 0.687663
0.69517 -0.718744 -0.0120472 125.352 0.718845 0.695088 0.0107256 73.1787 0.000664849 -0.0161162 0.99987 0.695583
0.694394 -0.719492 -0.0121268 125.915 0.719594 0.694274 0.0129636 73.7636 -0.000907879 -0.0177282 0.999842 0.684326
0.6933 -0.720609 -0.00758441 126.483 0.720628 0.693159 0.01504 74.3496 -0.00558078 -0.0158928 0.999858 0.672393
0.692107 -0.721778 -0.00490464 127.045 0.721767 0.692005 0.0135067 74.9576 -0.00635481 -0.0128881 0.999897 0.692348
0.690086 -0.723714 -0.00449337 127.567 0.723721 0.69004 0.00846216 75.5316 -0.00302357 -0.00909156 0.999954 0.690081
0.687009 -0.726632 -0.00488032 128.175 0.726649 0.686998 0.0039011 76.1327 0.000518108 -0.00622637 0.99998 0.714584
0.683028 -0.730374 -0.00514053 128.727 0.730391 0.683021 0.00339602 76.7363 0.00103072 -0.00607417 0.999981 0.719344
0.677682 -0.735353 -0.00197735 129.228 0.735346 0.677656 0.00694355 77.2889 -0.00376599 -0.00615955 0.999974 0.706044
0.672092 -0.740462 0.00278869 129.782 0.74039 0.672072 0.0119379 77.8992 -0.0107138 -0.00595866 0.999925 0.710779
0.668934 -0.743278 0.00808913 130.292 0.74307 0.668951 0.0187422 78.4642 -0.0193419 -0.0065265 0.999792 0.692367
0.666498 -0.745476 0.00680671 130.85 0.745133 0.666425 0.0255734 79.0674 -0.0236005 -0.0119727 0.99965 0.698708
0.663503 -0.748165 0.00360193 131.383 0.747906 0.663387 0.0235417 79.7057 -0.0200025 -0.0129261 0.999716 0.705512
0.65801 -0.753007 0.00171819 131.881 0.752923 0.657968 0.0136351 80.2909 -0.0113978 -0.00767837 0.999905 0.705793
0.652293 -0.757964 -0.00217763 132.414 0.757954 0.652261 0.00779229 80.9001 -0.00448589 -0.00673339 0.999967 0.677058
0.648099 -0.761549 -0.00317207 132.951 0.761547 0.648065 0.0076187 81.5331 -0.00374631 -0.00735335 0.999966 0.679201
0.641921 -0.766771 -7.31071e-05 133.452 0.766737 0.641892 0.00944758 82.1535 -0.00719721 -0.00612066 0.999955 0.666269
0.635793 -0.771857 -0.00179514 133.956 0.771831 0.635748 0.0100348 82.7881 -0.00660415 -0.00776558 0.999948 0.661389
0.628579 -0.777715 -0.00697622 134.46 0.777744 0.62853 0.00802194 83.4491 -0.00185401 -0.0104681 0.999943 0.676458
0.622285 -0.782757 -0.00730261 134.978 0.782789 0.622276 0.00371556 84.0856 0.00163586 -0.00802854 0.999966 0.669951
0.615325 -0.788255 -0.00535833 135.472 0.788273 0.615315 0.00349871 84.742 0.000539185 -0.00637668 0.999979 0.675245
0.608745 -0.793352 -0.00474204 135.974 0.793355 0.608692 0.00906412 85.4161 -0.0043046 -0.00927985 0.999948 0.642107
0.602683 -0.79798 -0.00138274 136.488 0.797896 0.602592 0.0156762 86.0583 -0.0116761 -0.0105511 0.999876 0.669669
0.595995 -0.802987 0.00101391 136.972 0.802843 0.595912 0.0182198 86.7544 -0.0152345 -0.0100449 0.999833 0.655869
0.590837 -0.80679 0.00133148 137.454 0.806628 0.59075 0.0191266 87.4392 -0.0162177 -0.0102267 0.999816 0.665139
0.586987 -0.809594 0.00201598 137.926 0.809449 0.586926 0.017626 88.1146 -0.0154531 -0.00871438 0.999843 0.653602
0.583292 -0.812257 -0.00286468 138.413 0.812186 0.583185 0.0157947 88.8163 -0.0111587 -0.0115396 0.999871 0.655994
0.580806 -0.813985 -0.00964785 138.847 0.814026 0.580678 0.0132242 89.4524 -0.00516203 -0.0155343 0.999866 0.659306
0.578334 -0.815693 -0.0132017 139.295 0.815798 0.578225 0.0113603 90.093 -0.00163293 -0.01734 0.999848 0.647873
0.575665 -0.81758 -0.0131428 139.813 0.817659 0.575444 0.0172531 90.84 -0.00654283 -0.0206784 0.999765 0.66421
0.57343 -0.819195 -0.00986098 140.258 0.819103 0.573052 0.0261006 91.4853 -0.0157306 -0.023044 0.999611 0.652441
0.570384 -0.821346 -0.0073398 140.747 0.821037 0.569866 0.0339228 92.2271 -0.0236796 -0.0253753 0.999397 0.636706
0.566956 -0.82374 -0.003472 141.182 0.823491 0.56667 0.0273339 92.8609 -0.0205486 -0.0183563 0.99962 0.635826
0.561919 -0.82719 0.00175849 141.649 0.827097 0.561886 0.013941 93.4673 -0.0125199 -0.00637926 0.999901 0.634635
0.556534 -0.830813 -0.00436409 142.102 0.830799 0.556469 0.0107156 94.1922 -0.00647415 -0.00958926 0.999933 0.624794
0.551138 -0.834384 -0.00701198 142.547 0.834383 0.551026 0.0132879 94.8778 -0.00722346 -0.0131742 0.999887 0.628742
0.544373 -0.838827 -0.00526703 143.004 0.838753 0.544211 0.0181225 95.5639 -0.0123353 -0.0142832 0.999822 0.602323
0.537908 -0.843004 -8.40743e-05 143.426 0.842837 0.5378 0.0199113 96.2543 -0.0167401 -0.0107813 0.999802 0.609286
0.532797 -0.846222 0.00595128 143.859 0.846014 0.532803 0.0195415 96.9465 -0.0197073 -0.00537678 0.999791 0.591821
0.527775 -0.849254 0.014876 144.306 0.849158 0.527957 0.0138253 97.6777 -0.019595 0.00533543 0.999794 0.600733
0.522796 -0.852159 0.0225545 144.774 0.852325 0.522999 0.003847 98.3965 -0.0150743 0.0172126 0.999738 0.612096
0.51726 -0.855583 0.0204959 145.204 0.855807 0.517269 -0.00526665 99.0883 -0.00609586 0.0202648 0.999776 0.593899
0.51145 -0.859194 0.0142942 145.653 0.859313 0.511389 -0.00795134 99.7669 -0.000478142 0.0163499 0.999866 0.589211
0.504865 -0.863106 0.0126186 146.055 0.863182 0.504891 -0.00132883 100.477 -0.00522407 0.011563 0.999919 0.600854
0.50088 -0.86541 0.0135624 146.481 0.865364 0.501025 0.0109168 101.277 -0.0162426 0.0062684 0.999848 0.584643
0.496139 -0.868037 0.0189287 146.891 0.867907 0.496435 0.017012 102.028 -0.0241639 0.00798809 0.999676 0.57536
0.493741 -0.869263 0.0245398 147.308 0.869299 0.494122 0.0127657 102.731 -0.0232224 0.0150295 0.999617 0.577166
0.491179 -0.870677 0.0257706 147.709 0.870927 0.491404 0.00282089 103.492 -0.0151199 0.0210587 0.999664 0.599992
0.489292 -0.872053 0.0107971 148.077 0.872105 0.489318 -0.000245197 104.22 -0.00506937 0.00953614 0.999942 0.583205
0.486796 -0.873515 0.000999122 148.468 0.873515 0.486797 0.000795698 104.956 -0.00118142 0.000485405 0.999999 0.562713
0.485475 -0.874229 0.00620394 148.9 0.874237 0.485495 0.00210201 105.728 -0.00484961 0.00440324 0.999979 0.553439
0.484529 -0.874684 0.0126162 149.334 0.874696 0.484629 0.00641258 106.508 -0.0117232 0.00792827 0.9999 0.55561
0.484463 -0.874726 0.0122348 149.738 0.874619 0.484603 0.0142103 107.212 -0.0183591 0.00381642 0.999824 0.539518
0.482638 -0.875672 0.0160751 150.093 0.875631 0.482834 0.0118773 107.95 -0.0181622 0.00834339 0.9998 0.534401
0.481411 -0.876188 0.0232184 150.516 0.876414 0.481557 0.000827002 108.685 -0.0119056 0.0199508 0.99973 0.548771
0.48031 -0.876902 0.018554 150.906 0.877098 0.48022 -0.00935417 109.42 -0.000707282 0.0207666 0.999784 0.536842
0.479049 -0.87757 0.019561 151.341 0.877777 0.478812 -0.0156885 110.152 0.00440172 0.0246858 0.999686 0.550088
0.477316 -0.878586 0.0160067 151.718 0.878731 0.477219 -0.00970811 110.884 0.000890705 0.0186994 0.999825 0.550979
0.476987 -0.878747 0.0169178 152.115 0.878881 0.477039 -0.00107395 111.612 -0.00712671 0.015381 0.999856 0.542911
0.475305 -0.879531 0.0225884 152.523 0.879734 0.475462 0.00181882 112.376 -0.0123396 0.0190073 0.999743 0.565983
0.474551 -0.879759 0.0287437 152.926 0.880165 0.474654 -0.00355224 113.135 -0.0105182 0.026985 0.999581 0.566055
0.47482 -0.879745 0.0243779 153.329 0.880068 0.474793 -0.00725168 113.877 -0.00519483 0.0248975 0.999677 0.58225
0.474325 -0.880258 0.0126983 153.712 0.880345 0.47432 -0.00361081 114.637 -0.00284464 0.0128916 0.999913 0.578978
0.474106 -0.880427 0.00847607 154.124 0.880452 0.474134 0.00149975 115.377 -0.00533921 0.00675173 0.999963 0.56057
0.473608 -0.880679 0.0100207 154.46 0.880685 0.473672 0.00531016 116.086 -0.00942307 0.00631017 0.999936 0.571735
0.473283 -0.88088 0.00736579 154.868 0.880834 0.473335 0.00924898 116.866 -0.0116337 0.00211065 0.99993 0.582608
0.473096 -0.880953 0.0100789 155.273 0.880937 0.473174 0.00754541 117.616 -0.0114162 0.00530916 0.999921 0.596478
0.472355 -0.881326 0.0119933 155.635 0.881369 0.472419 0.00297492 118.34 -0.00828772 0.00916528 0.999924 0.595352
0.471465 -0.881856 0.00715364 155.988 0.881879 0.471476 -0.000232448 119.005 -0.00316778 0.00641823 0.999974 0.588003
0.470076 -0.882621 0.00294509 156.392 0.882616 0.470084 0.00315691 119.789 -0.00417079 0.00111539 0.999991 0.591757
0.468716 -0.883349 0.000616399 156.77 0.883265 0.468681 0.013457 120.495 -0.0121762 -0.00576309 0.999909 0.571131
0.466906 -0.88425 0.00997774 157.146 0.884049 0.467013 0.0188813 121.199 -0.0213555 5.00213e-06 0.999772 0.567508
0.466029 -0.884524 0.0208159 157.463 0.884476 0.466351 0.0147617 121.84 -0.0227646 0.0115318 0.999674 0.574444
0.465203 -0.884934 0.0218886 157.853 0.885023 0.465465 0.00871048 122.501 -0.0178966 0.0153198 0.999722 0.608875
0.465847 -0.884583 0.0223631 158.124 0.884782 0.466001 0.00195183 123.144 -0.0121478 0.0188772 0.999748 0.601082
0.467106 -0.884086 0.014307 158.488 0.884172 0.467161 0.000542053 123.793 -0.0071629 0.0123967 0.999898 0.599382
0.467612 -0.883871 0.0105362 158.857 0.883931 0.467609 -0.00289085 124.434 -0.00237169 0.0106651 0.99994 0.567749
0.469983 -0.88261 0.0107347 159.169 0.882675 0.469937 -0.0066714 125.038 0.000843624 0.0126107 0.99992 0.584744
0.474305 -0.880324 0.00804879 159.479 0.880361 0.474279 -0.00496315 125.623 0.00055181 0.00943988 0.999955 0.587449
0.479339 -0.877585 0.00888963 159.794 0.877624 0.479349 -0.00108051 126.219 -0.003313 0.00831968 0.99996 0.613178
0.484295 -0.874845 0.0102093 160.123 0.874816 0.48438 0.00858338 126.794 -0.0124543 0.00477436 0.999911 0.605586
0.489178 -0.87212 0.0105907 160.419 0.872005 0.489288 0.0142859 127.372 -0.0176409 0.00224686 0.999842 0.614447
0.494515 -0.869098 0.0111524 160.765 0.869024 0.494626 0.0119148 127.939 -0.0158714 0.00379968 0.999867 0.60998
0.501064 -0.865379 0.00735697 161.067 0.865381 0.501099 0.00399426 128.494 -0.00714311 0.0043652 0.999965 0.606576
0.507063 -0.861903 0.00330529 161.406 0.861909 0.507056 -0.00277984 129.124 0.000719991 0.00425841 0.999991 0.599252
0.514409 -0.857536 -0.00374766 161.729 0.857532 0.514421 -0.00321135 129.637 0.00468172 -0.00156179 0.999988 0.619861
0.520409 -0.853914 -0.00250215 162.043 0.853913 0.520413 -0.0017376 130.191 0.00278591 -0.00123235 0.999995 0.620342
0.524536 -0.851386 0.00204303 162.377 0.851385 0.524539 0.00163154 130.777 -0.00246071 0.000883601 0.999997 0.643049
0.529751 -0.848077 0.0114173 162.738 0.848118 0.529803 0.00195291 131.309 -0.00770513 0.00864866 0.999933 0.640081
